63
64
148
220
293
293
301
366
434
479
556
629
655
710
732
783
852
902
904
975
1029
1068
1074
1157
1190
1204
1284
1330
1384
1473
1570
1637
1677
1743
1760
1837
1842
1907
1981
2073
2091
2175
2190
2266
2327
2349
2349
2426
2483
2510
2510
2540
2625
2714
2732
2788
2850
2948
3002
3069
3087
3137
3172
3209
3211
3303
3385
3436
3460
3478
3488
3541
3611
3632
3729
3750
3830
3869
3961
4048
4116
4139
4182
4243
4272
4299
4305
4326
4415
4492
4549
4615
4660
4724
4770
4834
4921
4948
5036
5039
5053
5081
5083
5154
5241
5328
5371
5432
5527
5557
5647
5691
5769
5858
5921
5992
6086
6113
6130
6217
6253
6284
6342
6431
6480
6509
6569
6653
6734
6815
6897
6970
6985
7056
7132
7144
7237
7307
7315
7327
7345
7439
7510
7530
7567
7588
7595
7600
7652
7673
7752
7800
7847
7883
7883
7919
7990
8004
8083
8084
8088
8180
8266
8342
8373
8403
8419
8442
8491
8537
8622
8647
8660
8689
8786
8881
8940
8955
9007
9065
9148
9239
9263
9288
9301
9302
9366
9458
9526
9565
9628
9647
9698
9713
9798
9875
9893
9956
10052
10104
10142
10222
10283
10328
10423
10440
10534
10583
10587
10591
10621
10624
10651
10674
10755
10838
10864
10865
10871
10919
10977
10985
11003
11081
11123
11185
11255
11258
11270
11314
11315
11362
11458
11557
11583
11646
11668
11683
11780
11846
11885
11948
12024
12080
12176
12194
12242
12274
12369
12405
12411
12416
12442
12502
12547
12601
12647
12685
12751
12834
12882
12884
12900
12924
12984
13075
13105
13165
13197
13284
13354
13424
13472
13528
13555
13607
13668
13736
13743
13833
13868
13902
13953
14012
14104
14140
14185
14252
14274
14372
14409
14457
14533
14546
14630
14669
14731
14804
14877
14972
15047
15136
15181
15247
15311
15311
15346
15393
15461
15478
15511
15550
15604
15632
15694
15695
15771
15823
15859
15937
15943
16013
16055
16138
16221
16301
16325
16397
16417
16497
16513
16598
16639
16639
16717
16781
16880
16946
17045
17103
17138
17138
17212
17305
17390
17423
17485
17512
17542
17630
17658
17735
17822
17873
17935
18026
18074
18079
18161
18204
18256
18336
18411
18436
18467
18492
18530
18595
18630
18676
18724
18777
18840
18862
18876
18886
18894
18979
18984
19023
19088
19179
19183
19280
19369
19420
19457
19542
19594
19600
19610
19630
19704
19706
19712
19716
19746
19802
19805
19838
19880
19900
19941
20024
20061
20076
20129
20189
20243
20332
20340
20398
20453
20492
20553
20563
20649
20721
20819
20835
20882
20962
20964
20971
21036
21044
21140
21201
21253
21286
21329
21381
21465
21490
21581
21606
21697
21764
21851
21937
22008
22036
22062
22120
22190
22208
22273
22341
22393
22439
22501
22586
22679
22689
22704
22796
22833
22885
22955
22988
23054
23061
23114
23169
23268
23288
23310
23324
23378
23432
23513
23552
23563
23597
23626
23637
23693
23702
23755
23763
23770
23841
23938
24034
24040
24058
24080
24083
24130
24228
24267
24267
24294
24393
24426
24450
24484
24509
24575
24610
24636
24655
24709
24738
24757
24769
24867
24963
25030
25129
25191
25239
25285
25294
25316
25356
25378
25476
25494
25535
25605
25633
25709
25722
25763
25836
25855
25855
25901
25990
26000
26087
26162
26245
26263
26282
26293
26317
26369
26379
26395
26477
26572
26601
26618
26654
26732
26797
26874
26893
26896
26908
26995
26999
27012
27036
27075
27148
27192
27220
27277
27307
27362
27401
27457
27483
27492
27576
27625
27721
27745
27809
27844
27896
27964
27984
28005
28075
28144
28192
28287
28380
28397
28482
28535
28552
28629
28635
28651
28670
28736
28742
28817
28836
28920
29006
29073
29129
29160
29206
29206
29270
29340
29367
29435
29465
29554
29573
29662
29731
29809
29830
29914
29921
29977
29989
30085
30129
30198
30257
30327
30361
30392
30472
30483
30496
30502
30503
30574
30642
30642
30694
30775
30873
30959
31034
31041
31069
31147
31175
31209
31281
31351
31414
31433
31528
31561
31571
31616
31655
31700
31718
31781
31872
31950
32022
32111
32117
32206
32245
32344
32363
32400
32450
32524
32540
32595
32625
32625
32630
32650
32671
32738
32777
32874
32944
32950
33045
33119
33120
33155
33196
33249
33293
33390
33436
33439
33462
33532
33557
33589
33618
33699
33744
33756
33832
33875
33908
33957
34052
34103
34110
34147
34187
34235
34262
34308
34308
34343
34355
34376
34458
34553
34604
34684
34700
34726
34749
34811
34821
34902
34972
34989
35084
35175
35225
35276
35314
35384
35482
35496
35580
35620
35716
35735
35746
35748
35794
35804
35866
35905
35922
35955
36053
36113
36151
36209
36272
36287
36296
36307
36387
36413
36438
36495
36515
36601
36695
36780
36824
36906
36999
37051
37116
37202
37267
37332
37416
37472
37507
37576
37583
37641
37685
37727
37806
37824
37891
37960
38040
38088
38178
38249
38309
38375
38434
38517
38549
38559
38647
38701
38751
38799
38859
38907
38974
39061
39158
39177
39218
39273
39364
39374
39438
39514
39541
39621
39664
39742
39775
39778
39826
39887
39975
40071
40147
40212
40255
40300
40368
40391
40436
40507
40547
40589
40604
40693
40707
40752
40850
40947
40955
40957
40973
41039
41103
41176
41207
41215
41235
41266
41359
41387
41481
41487
41535
41623
41641
41670
41671
41755
41839
41848
41889
41911
41937
42029
42057
42077
42082
42103
42137
42213
42305
42362
42415
42495
42547
42628
42720
42796
42828
42846
42895
42913
42948
43014
43047
43053
43133
43213
43247
43262
43353
43361
43389
43430
43458
43459
43536
43593
43645
43664
43758
43800
43836
43869
43915
44009
44084
44096
44165
44243
44325
44331
44398
44429
44451
44458
44467
44537
44618
44644
44729
44788
44841
44925
44930
44945
44979
45068
45153
45232
45297
45309
45363
45416
45462
45547
45607
45664
45739
45781
45809
45866
45891
45903
45906
45993
46073
46161
46247
46267
46308
46334
46400
46404
46471
46519
46564
46571
46603
46608
46608
46683
46696
46734
46735
46735
46780
46830
46851
46923
46959
47029
47112
47133
47176
47206
47225
47297
47374
47422
47427
47432
47475
47535
47561
47622
47635
47717
47749
47781
47847
47891
47986
48055
48061
48154
48191
48274
48343
48434
48462
48555
48622
48696
48711
48749
48775
48810
48863
48883
48883
48943
49025
49116
49169
49174
49265
49320
49346
49414
49416
49431
49515
49557
49574
49582
49606
49645
49669
49711
49756
49781
49799
49876
49936
49988
49996
50084
50116
50156
50240
50319
50380
50477
50569
50657
50675
50743
50779
50825
50880
50936
50967
50996
51087
51119
51133
51158
51160
51167
51222
51231
51330
51340
51341
51372
51414
51464
51513
51537
51541
51612
51700
51707
51716
51805
51821
51920
51950
51996
52022
52067
52086
52138
52144
52167
52260
52321
52420
52475
52500
52533
52579
52580
52674
52707
52731
52740
52801
52879
52882
52942
52992
53036
53130
53172
53244
53313
53392
53488
53501
53563
53565
53586
53649
53730
53794
53837
53852
53894
53981
54077
54098
54154
54162
54190
54200
54271
54346
54350
54368
54393
54491
54505
54550
54628
54629
54701
54746
54819
54905
54964
55047
55115
55196
55214
55293
55328
55353
55432
55485
55487
55529
55531
55587
55621
55647
55671
55770
55812
55846
55897
55910
55953
56051
56084
56115
56204
56217
56223
56291
56368
56388
56429
56449
56486
56528
56583
56672
56706
56767
56801
56877
56931
56963
57044
57105
57162
57222
57234
57307
57369
57427
57499
57548
57588
57655
57704
57763
57829
57884
57940
58006
58039
58119
58171
58243
58327
58357
58374
58442
58464
58480
58512
58558
58655
58689
58771
58833
58847
58885
58885
58925
58951
59009
59021
59028
59124
59204
59299
59304
59368
59418
59496
59539
59587
59600
59670
59741
59783
59835
59846
59932
59971
59972
60014
60087
60146
60209
60278
60349
60378
60474
60490
60534
60560
60635
60685
60707
60737
60767
60860
60957
61053
61135
61234
61292
61348
61376
61390
61407
61501
61501
61600
61615
61676
61717
61795
61826
61859
61910
61964
62005
62103
62136
62213
62230
62305
62384
62407
62434
62522
62543
62636
62703
62783
62854
62890
62906
62997
63058
63154
63252
63272
63306
63377
63453
63528
63584
63682
63707
63761
63859
63907
63911
63940
63978
64063
64114
64174
64262
64297
64350
64443
64464
64561
64652
64691
64709
64789
64805
64852
64939
65027
65041
65094
65113
65164
65201
65228
65262
65355
65411
65477
65534
65574
65609
65703
65770
65832
65878
65951
65992
66029
66122
66182
66220
66295
66324
66331
66416
66433
66516
66550
66649
66719
66792
66888
66961
67005
67014
67105
67135
67186
67229
67271
67330
67355
67409
67506
67538
67565
67572
67639
67734
67820
67846
67921
68020
68038
68131
68167
68202
68238
68243
68284
68298
68337
68408
68454
68553
68623
68671
68748
68793
68845
68878
68948
69024
69101
69155
69229
69254
69330
69394
69452
69541
69555
69560
69636
69725
69759
69770
69788
69833
69885
69921
69993
70035
70072
70105
70143
70185
70214
70306
70349
70440
70460
70556
70564
70573
70582
70585
70665
70738
70739
70813
70853
70868
70957
70958
71026
71030
71074
71105
71195
71292
71375
71410
71458
71465
71539
71604
71684
71768
71776
71782
71792
71816
71912
71986
72004
72017
72049
72133
72194
72227
72245
72258
72258
72331
72373
72388
72475
72495
72577
72638
72706
72748
72774
72814
72896
72967
73004
73100
73177
73181
73209
73237
73267
73302
73336
73409
73497
73561
73565
73579
73678
73755
73771
73869
73916
73928
73941
73980
74053
74149
74243
74285
74291
74359
74407
74498
74523
74551
74597
74679
74715
74785
74857
74911
75002
75096
75172
75208
75261
75264
75286
75326
75373
75433
75483
75514
75605
75624
75664
75708
75786
75867
75930
76006
76009
76037
76072
76133
76169
76224
76249
76321
76419
76445
76494
76573
76626
76665
76670
76740
76749
76765
76782
76797
76843
76879
76922
77019
77042
77048
77141
77211
77273
77320
77397
77481
77481
77522
77598
77684
77783
77787
77878
77886
77916
77945
77996
78080
78120
78171
78256
78293
78350
78351
78413
78463
78525
78568
78645
78682
78706
78763
78827
78853
78926
79016
79112
79162
79169
79176
79254
79295
79344
79426
79436
79476
79548
79630
79724
79749
79836
79837
79893
79913
79917
79935
80012
80026
80054
80056
80091
80120
80213
80230
80244
80248
80318
80416
80416
80423
80435
80505
80580
80590
80662
80681
80777
80831
80876
80974
81015
81023
81103
81182
81212
81239
81278
81351
81408
81494
81542
81615
81637
81692
81711
81776
81863
81870
81909
81995
82025
82090
82143
82158
82198
82288
82358
82447
82543
82578
82655
82682
82707
82747
82804
82819
82827
82841
82858
82942
82962
82969
83007
83086
83154
83199
83236
83305
83328
83356
83394
83461
83521
83554
83599
83628
83684
83737
83742
83807
83889
83937
83959
84042
84131
84174
84226
84288
84293
84369
84443
84485
84556
84617
84678
84772
84847
84940
85035
85053
85122
85128
85161
85222
85266
85282
85291
85331
85427
85505
85552
85615
85653
85720
85782
85804
85890
85935
85974
86066
86154
86197
86236
86328
86409
86480
86507
86587
86620
86701
86775
86814
86900
86977
87055
87107
87144
87148
87207
87228
87232
87330
87339
87425
87513
87523
87576
87598
87646
87653
87688
87716
87779
87797
87824
87884
87932
87977
88012
88074
88158
88221
88254
88318
88380
88479
88553
88644
88731
88806
88833
88860
88943
88963
89054
89117
89190
89254
89340
89429
89475
89476
89528
89584
89630
89695
89790
89802
89854
89942
89986
90021
90028
90077
90154
90239
90307
90380
90465
90564
90658
90753
90824
90922
90960
90965
91014
91020
91095
91151
91208
91226
91271
91357
91399
91481
91504
91520
91582
91622
91681
91725
91760
91777
91820
91873
91926
91977
91994
92040
92099
92191
92249
92343
92405
92431
92508
92584
92659
92750
92790
92810
92865
92878
92967
93049
93146
93189
93212
93219
93220
93310
93365
93441
93478
93508
93522
93568
93633
93678
93750
93758
93786
93812
93860
93922
93955
93963
93974
94004
94016
94030
94117
94168
94215
94230
94300
94346
94355
94438
94517
94551
94585
94617
94661
94733
94737
94812
94910
94981
94991
95010
95017
95068
95136
95209
95268
95361
95399
95418
95495
95518
95592
95622
95654
95726
95763
95782
95821
95919
95937
95958
95964
96018
96042
96135
96203
96280
96345
96437
96510
96576
96667
96729
96777
96833
96883
96919
96978
97039
97100
97143
97182
97215
97306
97359
97442
97527
97605
97666
97670
97751
97819
97865
97885
97910
97946
97991
98072
98087
98091
98156
98217
98299
98396
98401
98404
98422
98470
98490
98538
98626
98639
98684
98756
98779
98808
98853
98858
98871
98961
99054
99121
99213
99271
99277
99298
99330
99398
99419
99490
99563
99592
99641
99682
99769
99840
99908
100005
100055
100071
100112
100178
100235
100309
100356
100441
100520
100590
100664
100732
100732
100780
100804
100890
100936
100946
101043
101108
101183
101239
101295
101355
101391
101463
101512
101561
101601
101671
101730
101816
101904
101964
102043
102124
102179
102216
102216
102270
102291
102359
102409
102455
102504
102580
102581
102674
102766
102828
102847
102851
102881
102896
102974
103036
103075
103135
103224
103298
103313
103401
103448
103506
103561
103659
103728
103770
103782
103839
103884
103942
104012
104089
104112
104170
104176
104178
104187
104269
104350
104385
104432
104443
104461
104462
104490
104563
104614
104657
104754
104772
104863
104879
104910
105002
105009
105072
105125
105212
105239
105297
105381
105467
105561
105651
105681
105689
105775
105850
105864
105899
105977
106070
106096
106173
106222
106245
106254
106316
106403
106423
106423
106426
106514
106613
106680
106725
106738
106834
106891
106965
107045
107078
107162
107231
107239
107298
107349
107377
107386
107465
107523
107527
107553
107649
107717
107807
107863
107951
107972
107981
107993
108023
108030
108045
108075
108130
108186
108218
108223
108226
108248
108322
108413
108478
108567
108576
108589
108609
108647
108650
108713
108797
108809
108815
108825
108841
108902
108992
109083
109131
109171
109237
109291
109297
109351
109419
109512
109528
109572
109670
109724
109769
109848
109879
109890
109973
110000
110064
110084
110140
110218
110273
110293
110326
110419
110436
110445
110450
110463
110560
110563
110643
110670
110702
110714
110735
110808
110869
110902
110947
110957
111048
111133
111202
111212
111249
111255
111353
111408
111494
111571
111584
111616
111630
111638
111733
111828
111885
111901
111996
112091
112114
112212
112228
112233
112297
112347
112444
112508
112527
112577
112607
112694
112792
112857
112926
112995
113012
113091
113098
113118
113158
113244
113342
113430
113525
113580
113672
113756
113845
113936
114010
114098
114163
114233
114287
114385
114471
114516
114551
114633
114697
114737
114781
114814
114874
114881
114881
114906
114995
115025
115110
115200
115278
115278
115364
115418
115428
115433
115453
115545
115643
115700
115789
115825
115882
115943
116016
116110
116183
116276
116351
116400
116422
116433
116511
116593
116594
116612
116669
116738
116765
116824
116836
116902
116922
116960
117015
117073
117112
117122
117151
117236
117244
117270
117300
117310
117383
117424
117498
117520
117526
117603
117696
117790
117857
117916
118012
118013
118013
118044
118122
118129
118175
118229
118294
118297
118306
118316
118355
118398
118484
118559
118649
118650
118716
118795
118874
118898
118942
118974
119005
119062
119102
119175
119207
119271
119360
119365
119448
119523
119590
119663
119704
119793
119851
119922
120021
120086
120124
120192
120243
120321
120353
120399
120427
120434
120443
120483
120573
120637
120687
120723
120742
120753
120801
120835
120837
120911
120970
121045
121120
121202
121213
121278
121278
121322
121397
121451
121454
121551
121621
121638
121657
121744
121795
121847
121864
121904
121916
121920
122017
122024
122027
122034
122077
122174
122252
122256
122342
122385
122399
122461
122511
122532
122555
122629
122630
122642
122643
122734
122818
122831
122909
122957
122960
123022
123063
123096
123129
123159
123188
123248
123297
123318
123362
123409
123451
123457
123479
123537
123636
123724
123812
123886
123965
124037
124062
124087
124136
124233
124246
124261
124299
124374
124396
124486
124557
124615
124656
124718
124781
124824
124877
124892
124910
124911
124934
124953
124970
125044
125111
125140
125199
125208
125222
125222
125309
125405
125474
125500
125512
125554
125584
125612
125706
125721
125775
125794
125849
125894
125897
125914
125957
126024
126123
126137
126165
126190
126252
126294
126309
126351
126353
126361
126421
126491
126524
126558
126570
126650
126687
126699
126793
126822
126905
126948
127027
127038
127043
127093
127160
127205
127248
127307
127380
127476
127513
127573
127644
127695
127775
127809
127885
127917
127919
127951
127958
128032
128084
128093
128154
128226
128293
128372
128403
128435
128441
128529
128558
128567
128571
128602
128641
128643
128661
128694
128729
128817
128845
128883
128974
129062
129127
129205
129270
129348
129420
129460
129472
129566
129581
129607
129666
129666
129689
129693
129727
129738
129829
129896
129917
129997
130019
130034
130068
130082
130148
130177
130247
130301
130304
130327
130426
130441
130502
130536
130633
130665
130733
130758
130841
130927
130973
131036
131093
131190
131209
131272
131289
131341
131393
131486
131513
131566
131622
131672
131754
131793
131814
131906
131934
131948
131963
131967
132024
132026
132107
132172
132225
132269
132298
132344
132428
132430
132459
132481
132557
132559
132628
132635
132701
132790
132808
132840
132902
132957
132991
133066
133131
133182
133232
133295
133307
133356
133396
133492
133540
133583
133642
133727
133763
133815
133891
133931
133974
133988
134057
134098
134153
134209
134286
134291
134330
134377
134455
134472
134566
134652
134707
134745
134745
134777
134782
134814
134905
134971
134977
135029
135040
135043
135112
135117
135187
135218
135259
135357
135385
135446
135530
135552
135646
135739
135775
135783
135801
135847
135942
136007
136062
136120
136180
136185
136201
136271
136333
136354
136426
136471
136487
136567
136574
136624
136702
136783
136831
136925
136925
137006
137028
137076
137116
137167
137177
137196
137202
137246
137274
137352
137385
137407
137461
137532
137617
137698
137773
137852
137865
137889
137968
138043
138090
138181
138201
138268
138282
138283
138284
138351
138379
138392
138491
138562
138578
138672
138722
138751
138774
138789
138819
138821
138833
138891
138934
139020
139061
139082
139168
139189
139272
139311
139316
139319
139325
139350
139417
139421
139458
139507
139545
139553
139586
139635
139664
139742
139834
139915
139974
139998
140012
140074
140076
140084
140136
140171
140172
140266
140295
140329
140398
140431
140513
140606
140612
140681
140779
140878
140968
141063
141074
141123
141169
141266
141311
141388
141450
141482
141570
141588
141684
141734
141798
141834
141851
141905
141970
142065
142157
142197
142274
142345
142352
142415
142431
142496
142560
142581
142632
142697
142731
142760
142829
142850
142859
142935
143009
143020
143064
143118
143199
143247
143328
143337
143370
143453
143552
143613
143645
143689
143710
143740
143764
143794
143836
143915
143935
143940
143957
143961
143977
144039
144077
144102
144195
144228
144280
144343
144383
144415
144491
144583
144628
144638
144649
144722
144782
144817
144892
144984
144995
145011
145054
145116
145127
145134
145215
145227
145289
145333
145422
145503
145565
145595
145607
145632
145673
145682
145765
145822
145855
145857
145891
145941
145983
146009
146022
146038
146124
146149
146220
146256
146316
146318
146340
146352
146434
146489
146512
146531
146605
146614
146649
146673
146726
146821
146852
146867
146899
146988
147056
147126
147137
147158
147204
147288
147319
147350
147398
147482
147536
147576
147650
147676
147694
147719
147738
147748
147784
147841
147895
147975
147976
148002
148097
148194
148198
148292
148298
148390
148412
148506
148527
148582
148632
148664
148740
148741
148813
148882
148933
148977
149014
149035
149038
149090
149099
149102
149187
149217
149251
149277
149289
149388
149405
149415
149421
149434
149434
149532
149575
149631
149674
149748
149846
149945
149981
150037
150109
150147
150208
150295
150394
150422
150457
150485
150509
150579
150581
150644
150709
150764
150780
150846
150872
150875
150951
151028
151119
151170
151243
151275
151287
151310
151350
151388
151410
151440
151530
151530
151532
151563
151609
151616
151650
151679
151715
151723
151746
151764
151859
151923
151981
152042
152059
152155
152228
152238
152251
152270
152341
152376
152398
152409
152411
152499
152514
152576
152597
152674
152733
152774
152847
152911
152991
153067
153098
153168
153255
153352
153353
153395
153453
153457
153478
153507
153561
153613
153712
153770
153850
153858
153943
153957
154053
154137
154235
154235
154249
154251
154275
154366
154383
154401
154492
154564
154613
154671
154738
154769
154858
154914
154956
155015
155109
155127
155163
155177
155272
155323
155340
155372
155433
155441
155522
155593
155664
155702
155788
155883
155915
155938
156024
156052
156145
156201
156275
156296
156347
156396
156424
156473
156542
156579
156585
156662
156725
156731
156761
156821
156920
156989
157056
157103
157140
157211
157303
157393
157447
157530
157609
157678
157775
157790
157861
157949
158020
158038
158130
158151
158196
158285
158371
158398
158474
158517
158566
158598
158619
158691
158783
158851
158870
158911
158923
158996
159038
159131
159184
159195
159237
159276
159309
159394
159483
159547
159603
159675
159761
159766
159809
159841
159928
160014
160058
160131
160229
160256
160291
160294
160378
160449
160454
160491
160578
160658
160740
160756
160782
160784
160785
160876
160971
161014
161029
161090
161166
161194
161238
161269
161340
161389
161437
161509
161602
161602
161656
161687
161749
161813
161889
161980
162012
162041
162059
162102
162128
162133
162229
162314
162362
162416
162427
162508
162532
162598
162621
162696
162779
162843
162903
162948
162989
163022
163025
163108
163172
163255
163324
163326
163367
163438
163465
163537
163599
163672
163713
163783
163844
163845
163914
164010
164098
164099
164158
164247
164273
164294
164358
164390
164478
164539
164634
164732
164798
164843
164875
164934
165032
165051
165103
165112
165179
165242
165300
165302
165327
165398
165427
165502
165581
165608
165671
165743
165773
165820
165918
165930
165942
165974
165983
166010
166059
166112
166190
166261
166317
166367
166422
166424
166457
166457
166524
166532
166608
166689
166757
166773
166818
166865
166936
167012
167069
167129
167153
167252
167270
167366
167437
167494
167506
167588
167636
167658
167707
167781
167841
167924
167979
167987
167991
168055
168091
168102
168197
168268
168287
168367
168395
168475
168481
168482
168524
168576
168607
168694
168735
168766
168843
168939
168954
169038
169093
169173
169244
169315
169395
169413
169478
169537
169613
169623
169626
169665
169724
169754
169766
169801
169813
169842
169937
169949
169985
170031
170082
170158
170195
170240
170294
170339
170348
170387
170440
170461
170493
170510
170549
170612
170659
170706
170720
170805
170880
170929
170992
171013
171107
171141
171145
171216
171313
171324
171385
171410
171485
171493
171542
171556
171598
171683
171750
171794
171866
171904
171957
171982
172063
172084
172156
172170
172218
172222
172228
172279
172343
172363
172421
172492
172537
172552
172646
172646
172726
172785
172831
172877
172933
173029
173061
173110
173205
173301
173389
173455
173512
173527
173535
173538
173557
173611
173665
173728
173821
173841
173907
173979
174065
174113
174203
174216
174229
174271
174366
174374
174423
174448
174530
174567
174592
174670
174735
174804
174875
174897
174978
175015
175019
175098
175147
175174
175187
175212
175253
175337
175417
175462
175535
175632
175641
175685
175773
175832
175848
175893
175982
176079
176097
176169
176246
176254
176278
176304
176339
176386
176465
176511
176565
176639
176672
176719
176724
176734
176811
176900
176905
176996
177027
177125
177208
177212
177251
177312
177389
177433
177437
177494
177517
177535
177608
177696
177731
177751
177839
177871
177958
177972
178043
178095
178130
178227
178228
178297
178388
178463
178543
178634
178688
178757
178774
178873
178918
178993
179031
179117
179160
179181
179233
179332
179370
179422
179456
179502
179582
179671
179764
179829
179865
179899
179913
179918
179929
179959
179977
180059
180087
180185
180234
180308
180380
180413
180499
180522
180576
180638
180677
180693
180716
180734
180758
180847
180900
180989
181088
181114
181134
181164
181172
181247
181305
181332
181334
181419
181515
181575
181581
181668
181726
181805
181811
181827
181865
181946
182009
182105
182204
182287
182332
182398
182483
182550
182599
182603
182696
182788
182826
182833
182923
183020
183067
183146
183160
183238
183334
183433
183433
183521
183569
183651
183735
183774
183834
183915
183945
184004
184082
184127
184182
184234
184311
184404
184420
184500
184501
184550
184623
184657
184756
184770
184862
184918
184990
185036
185087
185101
185200
185260
185352
185398
185442
185527
185582
185671
185721
185739
185821
185845
185910
186004
186058
186106
186173
186249
186283
186283
186369
186443
186508
186568
186624
186650
186670
186694
186711
186761
186839
186894
186943
186974
187031
187073
187087
187105
187178
187183
187196
187294
187393
187433
187532
187603
187676
187688
187718
187806
187848
187912
188006
188087
188173
188196
188246
188250
188269
188353
188413
188506
188576
188654
188712
188793
188886
188913
188987
188990
189000
189096
189105
189115
189177
189211
189307
189371
189402
189488
189543
189588
189619
189691
189694
189735
189786
189828
189920
189979
190024
190066
190066
190155
190226
190244
190276
190349
190374
190421
190470
190568
190641
190705
190763
190853
190898
190906
190966
191035
191092
191124
191138
191216
191243
191315
191315
191376
191437
191475
191535
191543
191641
191693
191787
191842
191888
191971
192016
192072
192093
192189
192270
192303
192349
192412
192499
192532
192557
192573
192616
192674
192700
192786
192808
192907
193003
193014
193112
193155
193162
193192
193227
193297
193359
193406
193418
193502
193532
193617
193699
193728
193732
193767
193811
193898
193980
194025
194121
194124
194174
194261
194299
194330
194388
194482
194534
194627
194627
194721
194748
194841
194934
195020
195029
195067
195068
195123
195182
195241
195301
195306
195392
195409
195473
195564
195605
195664
195720
195792
195871
195964
196060
196120
196155
196187
196229
196323
196351
196423
196496
196553
196578
196635
196727
196745
196814
196861
196908
196979
197047
197050
197073
197147
197241
197324
197420
197434
197490
197589
197622
197660
197710
197809
197899
197972
198068
198077
198086
198103
198168
198199
198291
198295
198377
198467
198538
198596
198648
198666
198726
198783
198821
198847
198930
198954
199011
199091
199150
199196
199249
199255
199295
199314
199323
199323
199353
199365
199413
199491
199587
199615
199623
199650
199667
199674
199738
199750
199781
199856
199929
199935
199974
200033
200046
200096
200157
200225
200258
200302
200309
200321
200382
200386
200443
200500
200578
200579
200669
200679
200738
200789
200835
200896
200901
200988
201008
201021
201039
201133
201212
201252
201285
201337
201415
201497
201546
201583
201592
201632
201648
201734
201812
201812
201886
201927
201936
201962
202005
202058
202110
202169
202266
202298
202362
202388
202475
202563
202568
202643
202699
202725
202745
202831
202883
202951
203034
203040
203071
203117
203154
203233
203327
203397
203422
203515
203537
203625
203648
203657
203673
203714
203728
203803
203862
203924
204020
204030
204053
204142
204221
204254
204349
204376
204452
204539
204557
204558
204570
204616
204625
204654
204669
204719
204812
204853
204946
205006
205026
205125
205224
205298
205349
205357
205383
205452
205483
205502
205519
205617
205698
205757
205813
205884
205973
206038
206104
206157
206219
206266
206289
206344
206393
206414
206513
206596
206635
206718
206786
206871
206947
206984
207018
207040
207066
207145
207239
207317
207392
207456
207500
207501
207529
207602
207688
207704
207708
207752
207827
207879
207952
207987
208028
208101
208150
208222
208310
208391
208403
208434
208509
208605
208639
208713
208769
208813
208850
208947
209018
209072
209170
209263
209314
209409
209490
209546
209561
209591
209597
209689
209767
209793
209807
209816
209894
209958
210029
210090
210100
210108
210185
210210
210267
210332
210411
210433
210460
210556
210614
210649
210710
210755
210831
210866
210948
211016
211048
211075
211120
211203
211260
211265
211321
211418
211448
211484
211558
211614
211656
211752
211846
211938
211940
211982
212030
212053
212118
212175
212233
212291
212382
212407
212419
212517
212522
212534
212618
212695
212731
212794
212839
212855
212927
212982
213049
213113
213186
213207
213268
213288
213343
213416
213475
213525
213560
213602
213605
213621
213635
213690
213748
213759
213779
213853
213932
214003
214069
214159
214212
214221
214303
214399
214431
214519
214547
214549
214607
214702
214796
214867
214925
214967
214975
215071
215156
215249
215292
215332
215342
215356
215401
215449
215482
215540
215622
215716
215728
215758
215779
215870
215884
215904
215917
216006
216094
216167
216218
216284
216358
216409
216500
216587
216614
216654
216737
216750
216831
216868
216923
216944
217004
217081
217139
217195
217214
217313
217342
217404
217474
217554
217606
217651
217685
217739
217818
217864
217934
217963
218038
218045
218071
218082
218107
218123
218218
218292
218302
218374
218473
218536
218543
218559
218658
218725
218782
218813
218887
218906
218943
219033
219041
219117
219122
219184
219230
219234
219279
219323
219404
219465
219519
219576
219667
219742
219817
219856
219881
219887
219926
220003
220060
220070
220112
220202
220279
220325
220347
220376
220425
220494
220587
220624
220684
220752
220830
220862
220955
221008
221094
221097
221140
221220
221318
221342
221413
221441
221512
221523
221602
221648
221725
221749
221827
221865
221886
221888
221891
221939
222024
222027
222028
222029
222047
222130
222138
222160
222239
222240
222315
222413
222489
222515
222558
222642
222732
222769
222822
222890
222951
222976
222983
223026
223055
223100
223155
223171
223210
223295
223376
223462
223553
223608
223640
223703
223787
223872
223897
223968
224030
224105
224202
224267
224339
224377
224434
224521
224563
224625
224676
224682
224709
224721
224811
224888
224921
224981
225035
225053
225142
225229
225276
225343
225350
225424
225494
225586
225596
225631
225634
225657
225749
225753
225787
225795
225876
225898
225966
226052
226087
226107
226164
226235
226274
226307
226367
226399
226473
226478
226520
226538
226633
226716
226717
226767
226852
226940
226966
227025
227030
227058
227141
227186
227280
227366
227424
227454
227499
227573
227630
227691
227726
227741
227836
227876
227930
227938
227999
228078
228175
228191
228283
228359
228439
228440
228471
228529
228542
228624
228628
228704
228740
228761
228807
228809
228872
228872
228922
228978
229015
229027
229060
229128
229188
229204
229266
229356
229455
229471
229472
229519
229520
229545
229564
229582
229652
229678
229711
229799
229870
229956
230041
230085
230173
230206
230249
230300
230314
230331
230337
230417
230489
230502
230532
230590
230643
230648
230666
230703
230798
230855
230947
230967
231049
231134
231230
231260
231330
231340
231371
231399
231474
231475
231559
231620
231689
231750
231787
231824
231890
231937
231962
232010
232070
232074
232139
232144
232170
232242
232323
232406
232503
232527
232601
232615
232631
232669
232719
232746
232821
232917
232945
232962
233028
233048
233065
233107
233142
233218
233250
233261
233341
233426
233481
233565
233603
233657
233751
233850
233893
233976
234041
234083
234106
234139
234225
234286
234357
234374
234455
234493
234504
234532
234554
234559
234614
234703
234800
234868
234933
234968
234991
235067
235068
235135
235147
235221
235234
235252
235333
235421
235457
235548
235618
235671
235750
235765
235831
235895
235967
236018
236036
236058
236113
236172
236267
236285
236343
236373
236464
236533
236608
236681
236753
236776
236790
236875
236936
237020
237102
237196
237270
237284
237294
237359
237414
237510
237603
237626
237674
237706
237799
237829
237829
237872
237966
238055
238063
238088
238167
238196
238248
238280
238335
238402
238463
238512
238577
238656
238674
238727
238740
238814
238895
238962
239021
239032
239116
239160
239207
239211
239249
239262
239322
239373
239409
239498
239547
239604
239653
239738
239772
239788
239839
239920
239975
239996
240020
240062
240062
240114
240124
240194
240291
240314
240379
240379
240388
240427
240525
240525
240580
240591
240681
240700
240720
240739
240784
240820
240864
240936
240943
241031
241110
241199
241264
241276
241328
241402
241493
241506
241584
241622
241635
241688
241699
241772
241816
241877
241976
242008
242104
242180
242209
242212
242221
242318
242327
242423
242446
242455
242505
242542
242546
242582
242669
242739
242787
242793
242802
242896
242935
242994
243053
243057
243104
243140
243215
243278
243362
243396
243469
243498
243505
243581
243611
243704
243711
243755
243774
243774
243869
243908
243920
243929
243941
244027
244075
244165
244244
244274
244341
244415
244491
244536
244624
244690
244740
244759
244839
244844
244863
244901
244996
245068
245090
245095
245165
245169
245193
245213
245312
245345
245438
245461
245555
245618
245703
245745
245753
245785
245884
245897
245919
245993
246083
246156
246175
246235
246330
246354
246393
246469
246532
246583
246596
246687
246740
246762
246819
246908
246920
246957
246988
246989
247088
247167
247250
247334
247340
247372
247422
247472
247515
247612
247705
247718
247767
247810
247836
247891
247947
248012
248072
248164
248253
248344
248372
248404
248473
248556
248566
248641
248688
248707
248736
248754
