89
181
205
256
319
345
400
436
508
537
605
693
778
789
862
918
939
1009
1077
1090
1184
1263
1353
1399
1488
1578
1617
1693
1730
1822
1840
1881
1934
1995
2056
2147
2243
2335
2409
2457
2486
2580
2630
2655
2720
2752
2815
2835
2912
2994
3035
3062
3104
3138
3203
3297
3395
3463
3543
3552
3592
3616
3640
3656
3737
3774
3784
3820
3823
3844
3929
3951
3956
4007
4062
4101
4193
4261
4330
4381
4444
4448
4542
4597
4606
4695
4759
4822
4883
4945
4968
5064
5152
5233
5272
5368
5451
5488
5549
5629
5709
5788
5799
5834
5928
5997
6094
6179
6221
6261
6272
6285
6310
6397
6493
6542
6598
6626
6643
6652
6711
6752
6808
6899
6920
6979
7040
7074
7084
7161
7175
7207
7226
7314
7358
7408
7411
7439
7480
7516
7582
7628
7685
7688
7758
7790
7816
7825
7840
7887
7930
7981
8051
8067
8069
8129
8204
8231
8260
8345
8435
8439
8505
8509
8580
8627
8711
8715
8724
8779
8821
8870
8960
9032
9080
9084
9139
9206
9231
9317
9371
9433
9515
9540
9545
9598
9687
9707
9800
9895
9969
9998
10006
10041
10114
10139
10144
10220
10271
10295
10316
10375
10445
10539
10559
10603
10693
10742
10757
10788
10868
10902
10939
10961
10995
11086
11170
11215
11262
11294
11322
11399
11461
11504
11543
11545
11615
11640
11673
11712
11781
11871
11879
11907
11964
11996
12061
12105
12173
12222
12284
12345
12389
12456
12515
12585
12636
12723
12738
12825
12858
12908
13000
13088
13184
13226
13245
13297
13327
13363
13382
13463
13476
13499
13561
13594
13602
13613
13670
13677
13724
13773
13805
13846
13910
13973
14062
14088
14137
14207
14214
14306
14367
14418
14466
14498
14594
14645
14678
14732
14788
14804
14854
14886
14927
14989
15006
15029
15075
15090
15169
15266
15311
15395
15449
15527
15552
15612
15695
15725
15777
15807
15818
15834
15841
15911
15949
16038
16136
16189
16201
16252
16276
16368
16463
16517
16546
16622
16713
16751
16831
16863
16871
16890
16917
16935
16954
16955
16985
17044
17136
17206
17290
17308
17344
17363
17457
17550
17578
17658
17744
17773
17801
17893
17917
17929
17963
17985
18024
18040
18091
18156
18242
18247
18344
18375
18465
18553
18620
18633
18637
18673
18675
18682
18759
18810
18822
18866
18949
18968
18983
19062
19146
19148
19185
19226
19299
19390
19445
19517
19569
19607
19612
19661
19692
19784
19859
19934
19990
20007
20077
20100
20143
20206
20233
20252
20319
20319
20408
20487
20560
20595
20602
20618
20682
20726
20786
20848
20894
20992
21034
21110
21190
21229
21323
21337
21428
21460
21473
21515
21522
21527
21572
21667
21677
21713
21777
21865
21951
21985
22067
22141
22154
22217
22244
22302
22368
22444
22516
22570
22642
22736
22762
22832
22859
22901
22917
23004
23087
23179
23252
23256
23297
23358
23457
23462
23472
23523
23544
23561
23571
23666
23710
23721
23763
23808
23876
23877
23963
23996
24025
24055
24117
24162
24174
24268
24269
24317
24363
24424
24503
24548
24581
24622
24634
24667
24740
24820
24862
24913
24950
24984
25008
25106
25116
25183
25228
25259
25262
25295
25367
25434
25441
25470
25540
25604
25644
25685
25703
25755
25804
25879
25901
25973
25980
26045
26115
26190
26235
26236
26262
26292
26381
26456
26486
26487
26571
26660
26742
26773
26834
26933
26977
27004
27011
27016
27028
27095
27101
27199
27250
27264
27283
27345
27354
27433
27508
27528
27553
27563
27656
27675
27750
27824
27922
27926
27959
28055
28125
28167
28234
28316
28397
28490
28552
28577
28633
28712
28741
28831
28860
28897
28971
29062
29157
29167
29206
29269
29356
29455
29543
29574
29650
29689
29770
29859
29900
29970
30043
30122
30123
30165
30232
30320
30350
30415
30445
30501
30543
30565
30633
30722
30740
30794
30798
30876
30877
30884
30972
30996
31069
31166
31188
31228
31287
31368
31447
31500
31549
31636
31695
31782
31822
31878
31878
31927
32014
32096
32145
32185
32207
32255
32341
32341
32383
32476
32514
32582
32615
32667
32741
32775
32805
32899
32956
33045
33061
33118
33136
33199
33239
33296
33369
33429
33516
33593
33651
33736
33745
33757
33786
33831
33922
33924
33947
33977
34071
34157
34235
34291
34379
34397
34463
34475
34477
34527
34563
34563
34584
34682
34755
34762
34850
34881
34961
35033
35111
35188
35266
35305
35345
35372
35411
35491
35572
35607
35645
35646
35715
35781
35802
35877
35898
35974
36021
36045
36054
36063
36142
36238
36316
36348
36425
36482
36521
36558
36599
36692
36750
36821
36909
36998
37025
37040
37139
37228
37324
37368
37376
37407
37424
37464
37484
37503
37524
37571
37642
37667
37673
37708
37794
37884
37901
37906
37992
38061
38106
38118
38156
38227
38245
38285
38384
38393
38452
38508
38598
38636
38665
38718
38730
38756
38835
38899
38904
38955
38985
39020
39094
39104
39171
39196
39256
39312
39320
39391
39470
39561
39629
39679
39680
39709
39763
39786
39858
39875
39952
39963
40005
40039
40042
40107
40165
40249
40292
40342
40344
40432
40462
40473
40558
40606
40616
40622
40633
40695
40717
40732
40768
40791
40821
40866
40918
41013
41040
41086
41176
41251
41345
41388
41452
41506
41540
41605
41605
41647
41672
41698
41783
41876
41889
41914
41985
41989
42032
42121
42195
42253
42309
42393
42427
42468
42512
42579
42632
42634
42690
42709
42791
42835
42932
42960
42977
43001
43012
43085
43184
43252
43277
43369
43405
43432
43449
43451
43452
43456
43508
43552
43577
43628
43696
43731
43731
43747
43793
43807
43817
43870
43883
43885
43968
43989
43998
44044
44059
44083
44140
44153
44187
44221
44275
44300
44341
44341
44357
44442
44537
44602
44617
44707
44707
44777
44857
44869
44928
44942
45030
45039
45124
45153
45203
45263
45333
45405
45470
45511
45591
45596
45644
45668
45758
45770
45779
45802
45840
45903
45964
45964
46040
46115
46156
46228
46247
46276
46348
46366
46413
46486
46491
46560
46629
46670
46686
46711
46761
46803
46881
46966
46988
46995
47023
47065
47119
47197
47231
47239
47301
47366
47434
47518
47586
47648
47654
47726
47824
47856
47906
47992
48055
48117
48208
48224
48285
48363
48389
48390
48410
48477
48525
48532
48555
48646
48664
48689
48776
48828
48872
48927
48995
49060
49134
49142
49147
49221
49223
49259
49296
49302
49326
49422
49478
49564
49588
49659
49722
49792
49840
49863
49926
49936
49946
49996
50038
50050
50059
50150
50210
50252
50297
50389
50475
50551
50577
50618
50626
50681
50722
50761
50845
50884
50965
51028
51057
51152
51176
51255
51265
51293
51360
51368
51416
51469
51551
51628
51658
51712
51801
51809
51868
51939
51994
52069
52144
52225
52321
52416
52423
52507
52513
52570
52637
52649
52743
52799
52829
52835
52848
52919
52957
53050
53096
53115
53209
53216
53222
53232
53301
53319
53394
53492
53492
53549
53576
53649
53664
53664
53744
53745
53759
53802
53832
53834
53861
53917
53970
53989
54070
54113
54146
54197
54235
54258
54323
54389
54471
54550
54589
54646
54651
54662
54680
54754
54830
54864
54877
54965
55022
55060
55123
55171
55199
55253
55306
55400
55486
55505
55553
55620
55627
55628
55670
55753
55833
55835
55867
55873
55925
55988
56052
56092
56116
56162
56212
56231
56282
56357
56401
56491
56550
56608
56636
56652
56674
56737
56747
56844
56941
56955
56981
57038
57081
57143
57149
57244
57279
57288
57380
57390
57425
57454
57485
57533
57586
57624
57643
57674
57674
57770
57868
57938
57966
58026
58106
58150
58189
58209
58224
58228
58244
58304
58332
58393
58463
58540
58553
58633
58700
58772
58836
58836
58851
58853
58867
58869
58897
58900
58986
58993
59072
59089
59154
59222
59258
59279
59336
59429
59505
59571
59617
59631
59675
59741
59766
59840
59867
59896
59897
59914
59938
60034
60126
60195
60293
60307
60373
60454
60522
60600
60602
60661
60662
60676
60710
60786
60801
60898
60959
60990
61062
61127
61127
61165
61224
61283
61364
61449
61457
61461
61553
61594
61632
61680
61689
61705
61790
61859
61946
62007
62074
62097
62100
62198
62244
62311
62407
62410
62411
62486
62569
62586
62586
62631
62724
62754
62768
62820
62916
62969
62994
62998
63041
63083
63168
63256
63325
63387
63445
63516
63577
63663
63715
63803
63880
63905
63974
64062
64099
64122
64160
64167
64203
64271
64319
64397
64417
64451
64521
64560
64595
64619
64706
64732
64746
64781
64838
64891
64894
64937
64982
64986
65029
65057
65156
65195
65244
65316
65411
65440
65479
65557
65607
65688
65762
65773
65820
65896
65970
65998
66047
66066
66119
66162
66167
66173
66201
66230
66312
66382
66446
66513
66522
66582
66600
66644
66720
66744
66754
66792
66799
66836
66855
66882
66967
66985
67040
67120
67189
67216
67291
67320
67336
67406
67496
67509
67545
67597
67632
67662
67722
67722
67748
67753
67796
67874
67876
67928
68007
68013
68085
68097
68131
68137
68230
68312
68399
68469
68476
68513
68556
68586
68669
68763
68803
68887
68897
68977
69021
69077
69162
69226
69285
69379
69390
69488
69574
69626
69661
69695
69759
69804
69812
69881
69900
69918
69922
69977
70001
70037
70069
70155
70200
70247
70249
70271
70350
70447
70465
70502
70510
70600
70663
70664
70667
70748
70770
70823
70850
70851
70892
70985
71040
71126
71219
71313
71356
71439
71533
71623
71627
71659
71711
71743
71809
71893
71908
71969
72016
72074
72091
72091
72187
72265
72270
72317
72413
72425
72517
72608
72665
72713
72808
72877
72925
73017
73112
73203
73228
73259
73332
73423
73463
73537
73551
73614
73664
73758
73794
73869
73960
73991
74035
74063
74137
74205
74243
74324
74347
74350
74401
74401
74442
74472
74490
74528
74539
74539
74598
74670
74704
74731
74829
74888
74906
74929
75012
75095
75157
75167
75222
75314
75336
75430
75475
75541
75584
75591
75679
75698
75728
75807
75877
75944
75983
76074
76116
76176
76188
76249
76276
76304
76333
76344
76440
76449
76484
76575
76628
76687
76705
76759
76779
76820
76822
76907
76997
77022
77083
77168
77253
77275
77333
77380
77417
77514
77612
77675
77761
77813
77904
77951
77992
78020
78107
78154
78187
78228
78303
78400
78462
78502
78551
78566
78651
78739
78748
78836
78846
78920
78964
78988
79086
79106
79185
79236
79241
79327
79329
79387
79447
79463
79488
79543
79584
79635
79635
79694
79737
79800
79835
79884
79886
79963
79995
80060
80064
80107
80152
80246
80264
80321
80352
80426
80496
80583
80629
80713
80802
80835
80927
80939
80973
80975
80995
81015
81028
81074
81153
81168
81223
81322
81395
81419
81502
81561
81567
81659
81701
81798
81895
81982
82066
82123
82182
82267
82290
82380
82477
82563
82652
82731
82802
82851
82920
82977
83038
83069
83108
83185
83261
83263
83324
83369
83375
83392
83399
83461
83505
83516
83599
83625
83666
83746
83772
83796
83831
83841
83864
83945
83962
83969
83999
84095
84100
84165
84250
84259
84347
84398
84428
84467
84507
84509
84602
84692
84771
84867
84956
85010
85019
85019
85026
85072
85148
85184
85276
85327
85351
85436
85495
85547
85614
85712
85774
85813
85868
85876
85953
86024
86082
86166
86189
86215
86278
86287
86333
86426
86476
86538
86575
86649
86687
86753
86810
86824
86844
86936
87004
87057
87078
87132
87163
87222
87227
87247
87282
87315
87406
87503
87566
87651
87664
87723
87788
87831
87855
87940
87953
87963
88036
88070
88098
88101
88192
88228
88307
88343
88431
88482
88578
88606
88657
88718
88720
88811
88844
88879
88908
88978
89035
89061
89110
89115
89129
89140
89236
89281
89349
89421
89467
89484
89582
89659
89700
89776
89799
89811
89866
89948
89956
89957
90044
90105
90119
90208
90281
90283
90312
90362
90364
90461
90509
90514
90526
90620
90666
90731
90807
90869
90899
90942
91035
91045
91052
91058
91110
91184
91226
91254
91303
91394
91442
91481
91495
91586
91663
91683
91684
91742
91813
91827
91891
91902
91951
92050
92094
92153
92220
92292
92365
92455
92470
92516
92581
92622
92684
92722
92784
92785
92858
92863
92926
93017
93097
93109
93200
93231
93271
93356
93451
93485
93562
93620
93670
93709
93800
93840
93924
94015
94018
94030
94102
94145
94187
94280
94300
94303
94368
94383
94481
94545
94560
94611
94702
94724
94788
94829
94917
95002
95086
95121
95143
95169
95210
95237
95318
95417
95468
95468
95517
95600
95672
95758
95818
95853
95865
95917
95949
95955
95969
96041
96101
96113
96162
96236
96266
96354
96370
96455
96536
96536
96633
96696
96721
96791
96793
96817
96828
96892
96980
96999
97042
97138
97190
97207
97297
97304
97392
97463
97484
97492
97535
97574
97586
97635
97678
97764
97828
97837
97933
98026
98098
98163
98245
98283
98322
98340
98427
98517
98591
98616
98687
98700
98790
98797
98890
98896
98940
98958
99053
99055
99088
99120
99191
99219
99222
99309
99369
99380
99453
99515
99543
99610
99693
99701
99740
99774
99779
99802
99896
99931
99949
100005
100028
100058
100132
100186
100247
100247
100343
100376
100468
100545
100604
100646
100684
100731
100735
100776
100785
100786
100818
100860
100948
101034
101111
101135
101181
101269
101328
101420
101426
101500
101569
101643
101716
101794
101796
101863
101885
101932
102014
102038
102090
102105
102119
102217
102304
102321
102348
102403
102404
102443
102534
102547
102635
102734
102805
102867
102951
103043
103095
103119
103214
103310
103371
103430
103519
103587
103638
103727
103797
103865
103953
104019
104086
104176
104247
104324
104328
104337
104429
104496
104541
104544
104576
104647
104659
104751
104782
104824
104855
104857
104895
104984
105020
105067
105096
105194
105232
105238
105295
105391
105483
105565
105589
105601
105612
105636
105713
105738
105810
105834
105922
105985
106037
106068
106076
106172
106264
106329
106340
106359
106370
106384
106439
106530
106573
106620
106629
106701
106785
106807
106851
106940
107003
107081
107142
107227
107318
107360
107454
107466
107529
107574
107616
107671
107706
107791
107813
107838
107907
107972
108026
108120
108151
108182
108226
108322
108413
108476
108506
108542
108634
108728
108735
108777
108782
108881
108920
108995
109028
109044
109104
109189
109286
109343
109441
109474
109519
109526
109598
109610
109615
109683
109736
109750
109798
109893
109897
109926
109946
109981
110064
110127
110161
110245
110337
110422
110427
110457
110460
110544
110614
110664
110696
110704
110797
110804
110889
110976
111055
111153
111241
111284
111341
111428
111463
111480
111494
111519
111556
111571
111597
111677
111725
111742
111755
111812
111857
111930
111973
111999
111999
112035
112056
112120
112178
112187
112280
112367
112425
112426
112498
112524
112575
112640
112734
112759
112779
112796
112847
112863
112892
112929
112998
113067
113121
113162
113215
113264
113350
113404
113451
113466
113536
113536
113634
113704
113706
113731
113787
113825
113846
113846
113875
113914
113958
114012
114070
114104
114144
114234
114248
114337
114350
114405
114502
114584
114648
114745
114828
114868
114929
114997
115053
115151
115181
115217
115303
115347
115378
115448
115498
115533
115551
115559
115592
115641
115662
115704
115710
115805
115865
115962
116023
116072
116113
116186
116244
116264
116306
116388
116443
116457
116494
116581
116621
116655
116662
116750
116783
116833
116864
116954
117013
117072
117094
117119
117140
117172
117248
117289
117308
117368
117383
117425
117509
117519
117524
117551
117647
117661
117721
117804
117856
117866
117959
117962
118060
118127
118200
118203
118301
118336
118388
118456
118467
118484
118516
118518
118599
118615
118697
118737
118768
118775
118832
118877
118877
118938
119034
119112
119191
119224
119267
119349
119424
119426
119436
119489
119499
119565
119577
119599
119689
119746
119764
119828
119847
119876
119888
119896
119928
120016
120087
120096
120108
120190
120248
120337
120410
120412
120459
120467
120518
120554
120612
120672
120747
120832
120883
120955
120959
120962
120975
121040
121096
121114
121193
121223
121280
121296
121391
121454
121476
121510
121585
121651
121695
121720
121743
121810
121876
121909
121927
122006
122046
122066
122115
122175
122188
122210
122288
122339
122435
122443
122462
122545
122638
122658
122675
122701
122739
122800
122836
122862
122910
122946
123023
123121
123174
123265
123276
123294
123385
123434
123499
123557
123579
123607
123607
123638
123698
123765
123846
123931
124017
124024
124042
124095
124115
124212
124305
124337
124371
124384
124455
124529
124583
124607
124629
124682
124727
124755
124830
124906
124963
125007
125046
125083
125168
125208
125208
125297
125378
125412
125441
125540
125550
125582
125620
125662
125696
125758
125777
125790
125887
125906
125926
126016
126063
126095
126161
126200
126230
126295
126392
126462
126534
126559
126561
126629
126655
126676
126772
126789
126805
126849
126935
127005
127041
127051
127135
127202
127269
127344
127431
127499
127510
127521
127529
127553
127597
127634
127691
127760
127842
127863
127958
128025
128092
128111
128199
128262
128277
128339
128420
128440
128460
128537
128537
128584
128673
128714
128785
128857
128923
128951
128955
128992
129001
129095
129169
129182
129214
129237
129244
129250
129297
129338
129374
129395
129454
129470
129512
129559
129624
129647
129684
129758
129787
129828
129882
129882
129941
130035
130038
130070
130105
130158
130230
130326
130399
130454
130496
130504
130524
130598
130613
130626
130638
130718
130719
130756
130819
130901
130960
131018
131087
131116
131162
131244
131316
131372
131374
131437
131512
131556
131573
131586
131605
131703
131716
131765
131797
131880
131933
132000
132039
132081
132143
132159
132232
132298
132366
132424
132460
132474
132479
132517
132542
132630
132701
132722
132819
132913
132963
133030
133067
133135
133171
133195
133209
133283
133287
133315
133322
133359
133389
133440
133530
133561
133573
133627
133628
133660
133671
133692
133785
133813
133843
133937
134027
134121
134166
134261
134280
134379
134409
134469
134482
134483
134551
134647
134674
134697
134705
134727
134775
134817
134826
134833
134837
134913
135006
135089
135103
135152
135238
135320
135323
135387
135486
135532
135609
135611
135646
135725
135739
135781
135853
135883
135931
135962
136015
136058
136156
136255
136314
136376
136453
136526
136608
136684
136750
136837
136909
136957
136960
137006
137057
137058
137139
137193
137241
137264
137336
137341
137354
137384
137419
137492
137510
137608
137700
137767
137815
137909
137985
138013
138044
138048
138056
138138
138160
138214
138305
138363
138425
138512
138608
138682
138714
138719
138743
138825
138865
138880
138977
139050
139053
139077
139115
139177
139254
139320
139366
139366
139394
139422
139495
139527
139612
139708
139739
139785
139813
139830
139918
139997
140036
140090
140135
140200
140248
140258
140334
140346
140383
140479
140521
140539
140572
140632
140686
140697
140718
140770
140833
140896
140909
140923
141011
141083
141119
141181
141209
141217
141281
141293
141378
141474
141549
141585
141683
141711
141767
141845
141869
141893
141970
142006
142103
142121
142129
142132
142136
142218
142264
142319
142380
142391
142399
142403
142489
142505
142507
142573
142670
142678
142693
142697
142781
142851
142865
142890
142965
143047
143093
143108
143120
143121
143162
143203
143203
143259
143358
143446
143481
143525
143620
143699
143717
143805
143885
143962
143972
144040
144057
144078
144086
144173
144192
144288
144380
144469
144484
144521
144532
144628
144724
144790
144851
144884
144924
144970
144995
145004
145007
145016
145024
145085
145183
145215
145223
145242
145331
145345
145442
145474
145504
145513
145580
145672
145714
145759
145782
145867
145914
146010
146086
146139
146233
146287
146322
146380
146392
146452
146515
146562
146661
146681
146739
146812
146861
146928
146953
147028
147083
147170
147188
147208
147285
147317
147382
147382
147398
147449
147515
147557
147599
147610
147676
147741
147795
147851
147864
147901
147936
147957
148018
148096
148147
148220
148222
148234
148310
148328
148423
148500
148547
148594
148680
148748
148814
148831
148856
148898
148953
149006
149046
149062
149114
149118
149153
149234
149304
149388
149471
149541
149583
149605
149634
149650
149749
149826
149901
149915
149972
149995
150075
150099
150127
150154
150230
150253
150269
150289
150302
150353
150374
150466
150483
150582
150646
150743
150835
150919
150964
151057
151067
151132
151157
151197
151239
151239
152201
151290
151292
151346
151424
151513
151588
151593
151687
151782
151855
151858
151938
152007
152007
152009
152099
152183
151270
152284
152360
152361
152442
152517
152573
152621
152715
152797
152804
152854
152861
152948
152960
153046
153065
153155
153192
153236
153311
153389
153411
153421
153494
153516
153602
153655
153680
153715
153723
153771
153798
153833
153899
153947
154025
154030
154091
154163
154261
154330
154368
154416
154458
154485
154574
154600
154657
154729
154816
154896
154914
154960
155051
155148
155159
155201
155271
155337
155399
155466
155555
155560
155655
155708
155790
155884
155915
156010
156096
156147
156158
156212
156292
156322
156372
156376
156379
156448
156532
156546
156577
156614
156685
156779
156804
156808
156811
156848
156904
156950
156952
156977
157041
157076
157115
157174
157260
157260
157324
157380
157422
157477
157477
157542
157628
157644
157663
157752
157820
157870
157943
158029
158037
158121
158170
158239
158307
158345
158359
158435
158526
158618
158631
158676
158757
158806
158816
158902
158998
159090
159100
159132
159218
159262
159276
159302
159357
159372
159429
159431
159457
159467
159479
159576
159637
159705
159795
159823
159888
159936
160012
160055
160087
160095
160178
160194
160223
160235
160312
160402
160444
160444
160515
160527
160584
160612
160616
160704
160745
160755
160819
160867
160964
160993
161069
161105
161132
161160
161249
161330
161353
161359
161395
161493
161520
161586
161642
161688
161759
161811
161851
161882
161904
161919
161979
162078
162085
162170
162265
162265
162347
162379
162459
162477
162544
162615
162704
162765
162851
162941
163003
163046
163048
163103
163178
163211
163263
163294
163302
163388
163431
163523
163544
163629
163701
163742
163808
163861
163865
163900
163903
163954
163985
164012
164037
164069
164147
164166
164166
164195
164280
164377
164386
164413
164471
164531
164607
164687
164777
164802
164897
164953
165042
165087
165162
165198
165296
165358
165397
165408
165441
165528
165598
165693
165709
165751
165810
165841
165934
166007
166076
166139
166169
166251
166344
166408
166496
166556
166591
166598
166676
166722
166727
166783
166789
166856
166868
166896
166930
167008
167024
167068
167089
167126
167221
167242
167331
167333
167371
167385
167449
167472
167491
167540
167639
167674
167726
167737
167792
167873
167943
168008
168088
168105
168107
168206
168211
168276
168344
168417
168466
168516
168530
168547
168595
168656
168736
168777
168850
168923
168925
169007
169087
169090
169181
169275
169292
169298
169339
169402
169489
169581
169627
169695
169771
169821
169887
169980
170074
170114
170198
170292
170319
170404
170447
170476
170478
170528
170589
170604
170677
170682
170757
170771
170839
170849
170921
170954
170966
171011
171087
171159
171252
171300
171386
171412
171414
171507
171540
171541
171547
171610
171662
171747
171771
171837
171858
171863
171923
171964
172035
172098
172107
172119
172204
172215
172243
172302
172369
172445
172468
172566
172623
172706
172710
172805
172836
172873
172950
172984
173003
173042
173082
173166
173221
173281
173340
173415
173445
173473
173522
173599
173685
173730
173827
173907
173943
174007
174016
174019
174030
174123
174171
174235
174271
174314
174402
174472
174552
174635
174733
174818
174826
174837
174925
174965
175018
175087
175184
175195
175283
175329
175379
175470
175555
175604
175609
175625
175697
175742
175763
175797
175890
175920
176009
176084
176161
176165
176195
176223
176258
176275
176344
176427
176496
176570
176660
176754
176838
176880
176930
176945
176955
176963
177056
177095
177156
177186
177254
177326
177360
177435
177490
177585
177642
177715
177746
177838
177887
177926
178022
178117
178141
178212
178306
178325
178397
178397
178456
178504
178585
178641
178651
178692
178719
178808
178872
178945
179042
179052
179063
179080
179112
179165
179233
179276
179374
179473
179510
179555
179609
179609
179609
179621
179657
179658
179662
179739
179745
179841
179843
179862
179888
179923
179996
179999
180008
180022
180048
180112
180142
180173
180215
180240
180307
180334
180423
180473
180497
180553
180562
180642
180651
180696
180770
180868
180894
180941
180945
180954
180990
181044
181091
181118
181193
181212
181298
181337
181364
181386
181478
181539
181626
181652
181660
181674
181702
181768
181799
181866
181946
182042
182063
182087
182149
182158
182170
182225
182264
182296
182302
182369
182381
182472
182543
182586
182673
182693
182723
182778
182870
182927
182991
183042
183055
183087
183134
183185
183202
183224
183254
183337
183427
183514
183524
183525
183606
183687
183739
183775
183818
183908
183918
183985
184048
184146
184179
184222
184289
184319
184404
184418
184432
184520
184604
184647
184658
184681
184766
184774
184793
184798
184842
184916
185009
185013
185077
185112
185171
185202
185259
185279
185316
185376
185428
185490
185492
185523
185532
185621
185652
185736
185803
185872
185912
185978
186010
186091
186177
186221
186276
186317
186416
186454
186473
186532
186585
186634
186672
186674
186756
186767
186799
186843
186869
186930
186961
187016
187067
187082
187117
187172
187269
187305
187368
187382
187460
187492
187542
187602
187643
187646
187715
187725
187752
187778
187848
187867
187906
187998
188028
188083
188098
188121
188185
188217
188230
188253
188305
188366
188366
188463
188507
188537
188597
188598
188628
188651
188678
188687
188751
188765
188790
188862
188884
188951
188992
189051
189124
189162
189249
189272
189366
189366
189465
189499
189572
189651
189701
189793
189864
189931
189950
189988
190055
190072
190082
190124
190216
190314
190323
190412
190425
190453
190506
190544
190572
190629
190728
190753
190842
190897
190945
191029
191072
191143
191143
191152
191207
191269
191344
191357
191373
191451
191505
191534
191562
191623
191638
191658
191659
191732
191739
191756
191814
191883
191941
192024
192025
192092
192143
192201
192286
192321
192420
192456
192512
192579
192582
192608
192674
192755
192848
192870
192909
192980
193011
193066
193117
193143
193235
193310
193355
193370
193415
193415
193484
193499
193507
193540
193566
193659
193666
193667
193700
193754
193793
193861
193932
193996
194085
194102
194169
194185
194280
194287
194334
194380
194476
194503
194560
194600
194673
194757
194836
194864
194891
194922
194926
195012
195046
195052
195106
195121
195146
195193
195206
195217
195294
195384
195410
195500
195540
195632
195637
195727
195757
195761
195762
195822
195881
195902
195991
196089
196174
196203
196243
196303
196380
196409
196432
196448
196504
196592
196595
196660
196704
196750
196752
196783
196847
196926
196964
197062
197076
197126
197215
197258
197319
197412
197449
197465
197535
197621
197625
197657
197669
197748
197840
197908
197991
198037
198105
198156
198163
198192
198223
198258
198301
198395
198450
198507
198536
198627
198710
198796
198866
198910
198935
199032
199085
199159
199233
199291
199307
199396
199404
199444
199459
199512
199567
199594
199679
199778
199799
199870
199905
199944
199951
199969
200005
200086
200154
200164
200171
200252
200272
200276
200339
200395
200434
200528
200565
200631
200721
200811
200887
200893
200956
200984
201030
201067
201075
201119
201186
201229
201314
201336
201363
201418
201481
201486
201580
201666
201668
201758
201793
201892
201943
202034
202053
202127
202130
202200
202227
202250
202269
202329
202341
202431
202443
202447
202463
202537
202578
202659
202669
202764
202777
202847
202915
202960
203046
203065
203129
203191
203210
203275
203276
203360
203394
203409
203501
203526
203617
203680
203683
203686
203772
203805
203824
203845
203905
203967
203977
203992
204004
204025
204113
204163
204234
204309
204398
204439
204501
204583
204587
204662
204708
204786
204858
204893
204975
205023
205039
205044
205061
205100
205182
205278
205325
205384
205437
205486
205580
205664
205703
205721
205734
205831
205845
205865
205882
205913
205988
206043
206060
206106
206167
206264
206300
206350
206354
206392
206407
206485
206487
206562
206590
206604
206632
206656
206689
206785
206863
206935
207009
207011
207027
207080
207126
207133
207229
207323
207369
207385
207402
207480
207576
207661
207692
207767
207778
207842
207888
207895
207943
208009
208070
208116
208197
208290
208350
208398
208436
208447
208520
208610
208622
208708
208712
208809
208902
208907
208941
209005
209096
209178
209270
209286
209337
209393
209395
209424
209442
209467
209545
209584
209658
209748
209831
209865
209951
209955
209993
210021
210025
210025
210105
210163
210179
210233
210309
210408
210424
210441
210478
210534
210557
210599
210674
210721
210786
210786
210856
210924
211009
211010
211093
211179
211276
211360
211391
211447
211520
211615
211634
211690
211714
211749
211807
211871
211954
212012
212087
212100
212124
212169
212228
212324
212354
212430
212497
212570
212597
212613
212680
212707
212731
212751
212804
212892
212893
212900
212957
213001
213038
213063
213086
213138
213207
213231
213282
213327
213412
213424
213442
213474
213474
213550
213635
213663
213755
213835
213910
213946
213983
214067
214092
214126
214142
214207
214297
214362
214384
214447
214472
214560
214603
214694
214755
214803
214892
214892
214943
215035
215067
215109
215157
215169
215200
215298
215362
215369
215391
215484
215536
215629
215680
215684
215760
215854
215890
215959
215990
216067
216166
216218
216317
216339
216397
216458
216468
216536
216582
216604
216658
216744
216754
216798
216888
216948
216984
217052
217142
217143
217194
217226
217304
217357
217370
217418
217454
217496
217525
217584
217606
217610
217699
217770
217817
217839
217905
217971
218028
218075
218092
218150
218158
218176
218230
218245
218293
218307
218323
218339
218396
218467
218470
218487
218503
218545
218563
218611
218676
218707
218772
218776
218791
218864
218876
218966
219027
219066
219153
219156
219219
219234
219304
219339
219404
219404
219440
219463
219520
219549
219648
219692
219767
219767
219769
219848
219854
219931
219962
219991
220066
220150
220196
220196
220213
220275
220363
220402
220435
220508
220538
220565
220664
220746
220766
220770
220792
220857
220906
220926
220959
221015
221016
221083
221177
221194
221195
221274
221347
221389
221413
221475
221569
221639
221678
221748
221749
221771
221804
221817
221828
221881
221947
221970
222052
222133
222146
222180
222233
222313
222412
222441
222458
222543
222564
222581
222641
222686
222749
222749
222782
222794
222803
222862
222916
222920
222993
223044
223079
223111
223141
223229
223276
223346
223361
223376
223383
223476
223547
223577
223628
223654
223707
223794
223819
223897
223977
224023
224074
224090
224103
224106
224171
224180
224194
224246
224253
224267
224362
224453
224470
224535
224595
224595
224680
224697
224722
224753
224816
224824
224903
224960
225016
225054
225130
225188
225224
225232
225318
225404
225441
225500
225541
225601
225671
225759
225837
225886
225976
225981
225982
226015
226037
226062
226081
226083
226172
226249
226346
226432
226433
226500
226588
226646
226670
226762
226804
226889
226932
226979
227038
227039
227051
227080
227097
227128
227139
227139
227205
227291
227296
227344
227375
227433
227437
227457
227484
227552
227555
227585
227587
227648
227730
227824
227920
227941
227997
228078
228164
228261
228294
228301
228375
228379
228394
228492
228504
228551
228575
228673
228711
228759
228800
228851
228917
228995
229018
229112
229147
229175
229190
229283
229343
229378
229412
229493
229498
229580
229678
229739
229743
229764
229859
229939
229952
229966
229975
230034
230121
230150
230221
230236
230306
230383
230418
230517
230590
230658
230734
230753
230833
230889
230930
231007
231055
231100
231180
231195
231239
231280
231355
231453
231525
231591
231679
231757
231803
231834
231850
231850
231878
231966
231979
232012
232085
232172
232217
232277
232349
232414
232437
232488
232514
232592
232614
232668
232741
232748
232832
232886
232971
232981
233057
233103
233106
233170
233267
233344
233402
233497
233540
233580
233645
233690
233759
233832
233912
233981
234069
234093
234104
234149
234164
234222
234267
234273
234301
234310
234377
234426
234493
234522
234537
234603
234670
234723
234747
234762
234767
234780
234876
234894
234908
234991
235005
235017
235070
235153
235192
235211
235240
235250
235277
235292
235372
235468
235529
235535
235623
235685
235755
235849
235874
235889
235889
235929
235967
236029
236109
236175
236264
236337
236383
236383
236387
236436
236449
236497
236582
236673
236743
236833
236855
236950
236989
237037
237108
237124
237141
237160
237194
237286
237345
237395
237484
237530
237544
237611
237658
237747
237776
237853
237897
237940
238002
238056
238143
238198
238250
238332
238426
238431
238475
238475
238552
238621
238716
238792
238880
238900
238902
238976
239015
239074
239091
239158
239190
239278
239316
239341
239344
239399
239448
239466
239489
239542
239583
239677
239683
239760
239818
239868
239907
239988
240003
240030
240050
240114
240118
240132
240214
240252
240256
240322
240371
240398
240470
240481
240534
240596
240600
240610
240617
240628
240712
240771
240833
240857
240872
240930
240959
240969
241021
241068
241145
241235
241296
241377
241390
241476
241481
241488
241490
241501
241536
241547
241605
241623
241680
241735
241760
241828
241919
241943
242017
242078
242090
242135
242147
242168
242216
242313
242397
242419
242479
242550
242626
242680
242739
242743
242781
242799
242881
242884
242919
242978
243036
243045
243049
243070
243153
243223
243238
243312
243332
243388
243455
243461
243516
243579
243644
243690
243777
243780
243831
243880
243904
243995
244050
244065
244106
244133
244174
244203
244278
244323
244385
244463
244473
244489
244518
244528
244626
244679
244743
244787
244883
244930
244994
245015
245055
245137
245223
245267
245336
245349
245359
245431
245475
245513
245579
245678
245720
245742
245802
245875
245884
245934
245952
246032
246099
246195
246198
246270
246332
246428
246467
246481
246481
246545
246564
246607
246678
246728
246755
246806
246840
246877
246966
247065
247119
247177
247251
247287
247378
247416
247469
247523
247570
247615
247699
247780
247781
247803
247875
247943
248035
248057
248062
248118
248217
248284
248318
248373
248430
248480
248547
248645
248647
248708
248768
248801
248837
248868
248879
248930
249010
249075
249170
249228
249237
249333
249396
249409
249441
249498
249536
249613
249696
249708
249765
249814
249833
249905
249961
250003
250072
250107
250125
250188
250280
250316
250411
250485
250494
250525
250537
250585
250610
250647
250701
250729
250821
250861
250897
250933
251004
251036
251095
251162
251257
251271
251343
251422
251488
251491
251528
251531
251622
251623
251681
251710
251779
251812
251870
251897
251967
252019
252097
252100
252114
252131
252148
252173
252244
252260
252275
252348
252423
252436
252530
252573
252594
252657
252750
252794
252888
252901
252929
252955
252995
253026
253118
253153
253170
253213
253234
253281
253326
253404
253436
253460
253462
253527
253609
253672
253734
253832
253915
253977
253985
254045
254075
254151
254171
254183
254228
254286
254361
254421
254496
254520
254570
254588
254671
254706
254706
254737
254754
254816
254868
254958
254985
254988
255058
255151
255195
255257
255354
255373
255425
255434
255476
255487
255512
255523
255547
255615
255627
255658
255745
255827
255884
255956
256023
256093
256093
256144
256154
256248
256284
256341
256419
256431
256493
256537
256595
256640
256699
256720
256741
256795
256882
256898
256906
256945
257027
257030
257099
257124
257169
257189
257193
257263
257337
257356
257391
257489
257543
257636
257710
257779
257830
257869
257913
257981
258047
258073
258111
258189
258232
258308
258353
258402
258430
258443
258483
258488
258584
258673
258717
258730
258795
258844
258943
259015
259089
259185
259281
259340
259434
259533
259562
259604
259626
259723
259792
259849
259911
259958
260035
260089
260137
260205
260234
260331
260425
260490
260586
260678
260679
260702
260770
260866
260873
260915
260959
260979
261052
261151
261239
261304
261343
261357
261392
261415
261421
261471
261516
261612
261619
261676
261773
261860
261946
262034
262100
262169
262190
262222
262227
262231
262319
262383
262416
262500
262555
262594
262689
262755
262798
262815
262905
262996
263015
263109
263117
263168
263245
263284
263356
263389
263465
263467
263559
263571
263588
263588
263630
263661
263704
263798
263876
263889
263926
263988
264059
264089
264175
264195
264202
264269
264329
264358
264449
264471
264521
264584
264592
264611
264647
264714
264769
264796
264850
264886
264908
264993
265026
265059
265119
265151
265200
265299
265328
265371
265427
265436
265483
265504
265576
265632
265693
265695
265775
265846
265927
265953
265994
266026
266052
266097
266137
266199
266296
266343
266428
266504
266525
266552
266626
266712
266733
266756
266841
266847
266883
266937
266994
267075
267143
267170
267230
267251
267280
267370
267409
267493
267571
267585
267676
267691
267726
267824
267831
267836
267866
267902
267970
268040
268083
268135
268151
268235
268326
268411
268502
268571
268615
268666
268726
268729
268748
268793
268812
268854
268917
268994
269055
269063
269153
269164
269177
269216
269263
269290
269297
269384
269458
269510
269529
269607
269661
269671
269730
269792
269801
269851
269917
270016
270029
270122
270167
270261
270275
270302
270354
270392
270487
270518
270520
270526
270597
270626
270645
270660
270733
270764
270774
270822
270896
270908
270943
271039
271103
271146
271181
271258
271285
271362
271445
271524
271590
271682
271730
271765
271800
271872
271948
271962
271994
272000
272050
272072
272087
272186
272222
272267
272302
272308
272398
272487
272532
272603
272603
272659
272684
272729
272781
272821
272882
272909
272979
273030
273102
273146
273179
273260
273277
273350
273412
273459
273470
273477
273486
273519
273528
273618
273675
273682
273733
273749
273774
273856
273876
273883
273900
273917
273968
273999
274025
274084
274100
274180
274189
274194
274265
274326
274342
274427
274460
274477
274488
274499
274539
274630
274722
274740
274818
274819
274856
274914
274920
275009
275010
275023
275084
275161
275235
275304
275400
275425
275515
275598
275653
275716
275743
275801
275864
275903
275920
275938
276019
276056
276079
276178
276185
276242
276283
276376
276380
276429
276525
276539
276583
276589
276610
276647
276733
276777
276814
276912
276997
277033
277071
277106
277116
277185
277259
277357
277365
277372
277388
277388
277395
277484
277489
277540
277555
277604
277669
277756
277781
277787
277799
277863
277923
278008
278056
278099
278189
278267
278290
278296
278318
278328
278379
278426
278516
278594
278676
278681
278686
278765
278842
278922
278957
279010
279095
279098
279144
279195
279247
279250
279311
279403
279481
279578
279630
279670
279758
279759
279853
279857
279956
280031
280042
280131
280144
280192
280258
280283
280355
280426
280514
280559
280648
280717
280748
280816
280912
280970
281016
281035
281130
281208
281266
281300
281381
281457
281531
281549
281577
281580
281664
281757
281783
281805
281872
281944
281989
282019
282085
282160
282240
282324
282403
282491
282549
282589
282678
282684
282758
282840
282927
282996
283044
283083
283125
283222
283236
283244
283247
283298
283313
283408
283446
283449
283508
283580
283603
283690
283731
283779
283818
283854
283887
283983
284069
284125
284214
284222
284254
284275
284305
284359
284366
284372
284409
284459
284467
284479
284531
284548
284602
284609
284616
284624
284652
284655
284702
284709
284784
284814
284833
284907
284934
284969
285024
285094
285181
285203
285261
285302
285391
285454
285538
285635
285707
285708
285724
285772
285845
285873
285930
285956
285965
286019
286070
286081
286129
286129
286190
286270
286317
286362
286383
286471
286487
286564
286628
286708
286716
286792
286850
286906
287001
287058
287131
287219
287227
287244
287258
287346
287429
287490
287491
287572
287618
287627
287718
287748
287816
287915
287994
288016
288035
288119
288200
288243
288337
288407
288500
288580
288590
288654
288709
288737
288795
288869
288882
288950
288971
288995
289071
289130
289206
289281
289358
289386
289420
289515
289562
289655
289670
289734
289771
289782
289860
289872
289961
290048
290071
290108
290124
290212
290265
290281
290299
290349
290355
290374
290421
290496
290527
290553
290569
290629
290712
290765
290829
290922
290943
290958
291033
291107
291197
291263
291299
291353
291358
291378
291405
291427
291516
291551
291596
291622
291679
291741
291797
291842
291897
291969
292005
292023
292111
292112
292200
292220
292225
292228
292255
292317
292403
292466
292469
292489
292516
292602
292629
292635
292643
292695
292744
292831
292878
292946
293013
293044
293106
293195
293258
293347
293433
293497
293500
293541
293547
293585
293612
293618
293683
293738
293832
293840
293895
293926
294017
294093
294121
294213
294252
294285
294372
294372
294457
294556
294614
294621
294640
294675
294762
294800
294845
294928
294942
295002
295007
295087
295117
295187
295207
295221
295272
295351
295439
295518
295524
295621
295648
295704
295797
295880
295916
295957
296042
296126
296207
296243
296255
296300
296348
296426
296487
296526
296614
296644
296708
296788
296885
296912
296940
297024
297061
297150
297173
297245
297310
297337
297381
297415
297446
297446
297506
297550
297587
297634
297677
297741
297816
297898
297949
298022
298085
298121
298153
298203
298273
298336
298358
298445
298501
298567
298663
298679
298716
298810
298812
298857
298899
298991
299072
299119
299178
299237
299264
299303
299338
299366
299375
299468
299566
299654
299677
299762
299818
299875
299902
299903
299952
300037
300107
300189
300270
300350
300403
300453
300548
300597
300640
300663
300734
300771
300831
300918
300937
300942
300987
301082
301127
301129
301204
301250
301324
301402
301428
301518
301547
301603
301659
301737
301792
301848
301920
301921
301958
302045
302053
302151
302152
302219
302249
302267
302286
302370
302432
302526
302541
302591
302654
302731
302738
302836
302857
302895
302969
303017
303083
303114
303115
303210
303271
303275
303342
303427
303477
303544
303592
303661
303758
303807
303873
303945
303948
303997
304096
304144
304179
304251
304318
304398
304437
304454
304465
304509
304519
304594
304690
304713
304723
304761
304855
304939
304982
305009
305029
305061
305135
305136
305217
305273
305361
305446
305468
305514
305577
305618
305652
305680
305739
305820
305891
305895
305954
305976
305982
305989
306008
306049
306080
306179
306266
306266
306270
306275
306344
306400
306416
306471
306546
306629
306693
306695
306739
306771
306795
306871
306920
306982
307075
307172
307218
307287
307303
307331
307397
307490
307569
307570
307578
307628
307671
307762
307833
307893
307977
308061
308142
308211
308221
308289
308371
308447
308457
308497
308508
308517
308603
308670
308727
308730
308781
308817
308884
308901
308989
309084
309121
309127
309210
309235
309264
309335
309367
309442
309454
309546
309564
309602
309631
309707
309709
309712
309741
309742
309813
309875
309906
309934
309945
309954
310030
310067
310084
310159
310226
310306
310362
310388
310439
310523
310540
310630
310639
310736
310742
310830
310835
310928
310957
311041
311119
311134
311181
311248
311282
311300
311390
311458
311503
311584
311671
311736
311781
311849
311903
311994
312040
312074
312098
312146
312214
312270
312341
312431
312525
312588
312649
312658
312701
312759
312793
312793
312825
312917
312940
313008
313060
313074
313074
313092
313176
313212
313214
313266
313286
313313
313400
313448
313492
313511
313524
313606
313678
313740
313753
313824
313882
313943
313972
314070
314103
314128
314192
314263
314286
314293
314374
314409
314409
314455
314459
314535
314629
314695
314771
314832
314910
314985
315021
315055
315139
315190
315219
315253
315277
315338
315378
315404
315470
315537
315563
315647
315662
315701
315796
315820
315842
315856
315885
315924
315973
316010
316016
316077
316142
316176
316249
316298
316375
316462
316522
316583
316647
316661
316747
316822
316837
316895
316974
317005
317074
317087
317139
317237
317254
317313
317358
317411
317481
317527
317542
317574
317669
317706
317742
317773
317779
317802
317871
317946
317985
318018
318109
318173
318247
318272
318358
318428
318473
318525
318624
318719
318744
318835
318898
318903
318963
319021
319092
319117
319192
319288
319335
319410
319460
319487
319490
319547
319584
319635
319647
319722
319782
319849
319883
319920
319963
320045
320143
320181
320227
320287
320307
320326
320362
320408
320503
320579
320662
320702
320742
320773
320854
320920
320957
321037
321092
321174
321188
321194
321243
321249
321267
321289
321375
321420
321501
321591
321613
321648
321679
321687
321762
321800
321881
321891
321934
322023
322107
322135
322225
322305
322354
322387
322438
322472
322493
322590
322647
322703
322713
322720
322720
322814
322906
322909
323004
323048
323071
323116
323157
323248
323319
323385
323388
323482
323497
323596
323669
323729
323747
323827
323828
323923
323940
323969
324000
324035
324050
324123
324147
324237
324307
324383
324463
324539
324587
324646
324720
324812
324864
324944
324946
324988
325004
325007
325098
325101
325126
325200
325224
325239
325268
325316
325353
325438
325520
325597
325660
325670
325737
325822
325842
325901
325981
325995
326005
326058
326081
326170
326225
326286
326315
326351
326361
326429
326482
326562
326647
326697
326756
326818
326856
326950
327044
327089
327182
327272
327328
327371
327403
327408
327409
327472
327478
327535
327551
327566
327568
327656
327657
327667
327678
327700
327726
327744
327817
327839
327892
327916
327931
328009
328075
328100
328104
328145
328196
328210
328272
328369
328373
328373
328458
328467
328552
328642
328703
328788
328799
328875
328878
328927
329026
329042
329075
329095
329185
329221
329263
329305
329311
329323
329339
329415
329485
329542
329600
329629
329706
329789
329827
329865
329878
329930
329982
330069
330129
330144
330173
330235
330303
330379
330445
330461
330556
330630
330663
330713
330755
330782
330805
330843
330902
330909
330990
331050
331120
331212
331272
331364
331368
331457
331476
331515
331567
331574
331629
331719
331803
331824
331907
331925
331929
332010
332053
332066
332124
332181
332225
332322
332399
332494
332584
332645
332708
332789
332853
332943
332994
333018
333095
333135
333200
333280
333376
333406
333463
333500
333571
333593
333687
333784
333850
333860
333863
333869
333963
333979
334032
334127
334192
334233
334301
334320
334372
334415
334431
334506
334509
334510
334590
334656
334686
334770
334804
334887
334973
335008
335019
335084
335156
335235
335309
335375
335425
335470
335518
335540
335591
335609
335679
335767
335791
335865
335927
335940
335972
335996
336001
336065
336147
336241
336319
336417
336516
336544
336581
336635
336635
336662
336672
336737
336766
336811
336856
336864
336939
336979
336987
336990
337047
337081
337107
337134
337159
337238
337266
337350
337446
337539
337541
337578
337605
337617
337646
337730
337782
337802
337854
337895
337905
337983
337991
338010
338058
338123
338136
338140
338182
338245
338343
338402
338447
338462
338488
338520
338589
338598
338651
338726
338812
338832
338903
338956
339052
339064
339159
339235
339308
339361
339449
339534
339582
339642
339700
339741
339840
339905
339948
340013
340015
340016
340074
340122
340197
340232
340284
340368
340431
340490
340524
340623
340706
340765
340776
340840
340924
341002
341017
341083
341096
341126
341128
341142
341200
341228
341306
341375
341418
341481
341557
341629
341680
341700
341746
341770
341869
341923
342005
342047
342090
342096
342123
342152
342187
342216
342232
342271
342351
342432
342443
342532
342581
342667
342716
342814
342835
342878
342898
342906
342917
342979
343017
343049
343143
343228
343323
343375
343443
343537
343543
343581
343671
343725
343760
343779
343860
343882
343903
343972
344018
344044
344079
344118
344123
344150
344154
344158
344246
344339
344434
344493
344546
344588
344671
344693
344747
344786
344793
344889
344981
345077
345163
345188
345190
345196
345238
345296
345359
345401
345467
345558
345614
345623
345639
345681
345726
345738
345823
345840
345888
345897
345973
346053
346112
346203
346280
346324
346391
346471
346549
346609
346646
346691
346716
346803
346840
346863
346880
346926
346965
346982
347025
347093
347163
347240
347334
347374
347430
347443
347537
347548
347576
347672
347770
347858
347908
347970
348048
348129
348222
348266
348350
348434
348478
348482
348484
348530
348605
348686
348778
348869
348887
348975
348995
349075
349125
349168
349196
349263
349338
349401
349402
349468
349520
349558
349576
349639
349677
349726
349822
349836
349841
349910
350001
350012
350092
350137
350232
350252
350266
350362
350412
350453
350492
350529
350622
350686
350708
350739
350838
350894
350948
351032
351085
351158
351226
351316
351320
351336
351339
351361
351406
351443
351521
351578
351600
351679
351682
351706
351805
351886
351942
351997
352001
352085
352153
352175
352225
352253
352334
352342
352360
352395
352440
352490
352555
352559
352651
352672
352726
352743
352775
352791
352874
352900
352948
353016
353075
353150
353209
353262
353355
353435
353532
353598
353691
353770
353853
353915
354003
354061
354105
354144
354145
354221
354277
354365
354428
354439
354456
354510
354525
354622
354668
354739
354747
354759
354839
354883
354969
354983
355080
355141
355144
355181
355252
355319
355376
355392
355429
355462
355539
355631
355696
355792
355818
355849
355851
355909
355939
355942
356024
356042
356067
356166
356243
356330
356381
356396
356465
356468
356504
356593
356674
356692
356696
356737
356737
356781
356799
356832
356894
356989
357071
357113
357175
357261
357279
357315
357407
357475
357489
357557
357577
357654
357702
357767
357840
357880
357947
357971
358030
358115
358124
358209
358251
358289
358309
358352
358395
358460
358517
358613
358699
358704
358787
358794
358892
358910
358986
358989
359043
359061
359100
359109
359162
359249
359290
359291
359360
359395
359405
359443
359529
359532
359588
359656
359749
359785
359816
359856
359856
359884
359885
359888
359896
359945
360037
360120
360142
360206
360259
360354
360450
360543
360628
360642
360673
360744
360760
360856
360887
360965
361052
361145
361240
361245
361330
361369
361448
361480
361537
361624
361648
361707
361747
361770
361843
361844
361874
361917
361950
362041
362045
362139
362141
362208
362276
362364
362366
362392
362468
362538
362599
362678
362704
362786
362799
362874
362955
363021
363118
363168
363214
363258
363284
363370
363428
363492
363501
363517
363520
363570
363645
363677
363751
363773
363800
363818
363889
363947
364019
364114
364204
364267
364350
364447
364541
364569
364645
364661
364701
364722
364772
364790
364804
364880
364974
364996
365000
365034
365102
365200
365232
365292
365372
365422
365428
365504
365524
365569
365573
365633
365712
365735
365752
365815
365850
365866
365879
365935
365979
366040
366069
366129
366186
366283
366300
366350
366410
366457
366478
366515
366536
366623
366697
366715
366796
366879
366909
366942
366975
367027
367029
367072
367142
367176
367273
367343
367382
367419
367461
367554
367568
367586
367643
367681
367742
367824
367911
367978
368047
368072
368078
368159
368233
368276
368283
368283
368352
368361
368399
368418
368443
368482
368516
368555
368564
368639
368735
368791
368824
368890
368911
368991
369076
369162
369221
369310
369353
369381
369417
369495
369551
369558
369601
369663
369672
369707
369776
369856
369884
369948
370043
370094
370096
370135
370217
370287
370376
370475
370490
370534
370617
370713
370755
370791
370853
370919
370983
371010
371045
371130
371218
371253
371274
371340
371399
371442
371465
371538
371564
371580
371594
371647
371692
371713
371799
371841
371908
371926
371939
371949
372014
372074
372171
372195
372252
372289
372304
372349
372360
372422
372490
372563
372642
372729
372742
372784
372786
372864
372903
372914
372942
372998
373054
373114
373117
373202
373288
373382
373467
373542
373591
373679
373722
373752
373781
373842
373936
373964
373998
374050
374091
374187
374282
374336
374405
374438
374449
374479
374576
374673
374756
374792
374821
374912
374917
374946
375015
375038
375088
375170
375178
375274
375312
375396
375484
375496
375577
375660
375741
375749
375779
375850
375915
375937
375990
375991
376085
376139
376206
376257
376333
376414
376451
376511
376598
376695
376701
376764
376844
376890
376935
376997
377021
377038
377065
377163
377229
377245
377331
377393
377491
377548
377568
377666
377750
377767
377774
377841
377903
377992
378077
378109
378127
378174
378236
378320
378376
378411
378468
378471
378495
378511
378603
378609
378678
378721
378733
378757
378810
378877
378937
379000
379021
379053
379143
379203
379228
379251
379335
379378
379428
379446
379480
379519
379599
379632
379698
379732
379802
379818
379882
379942
379994
380005
380036
380079
380103
380152
380157
380177
380183
380236
380259
380347
380410
380507
380577
380627
380652
380741
380760
380781
380869
380951
381032
381049
381102
381122
381218
381298
381394
381475
381485
381560
381629
381698
381764
381843
381902
381938
381945
381999
382091
382101
382175
382234
382272
382343
382431
382526
382610
382640
382659
382700
382745
382821
382915
382988
383001
383085
383090
383174
383199
383204
383288
383372
383462
383526
383535
383591
383646
383712
383760
383788
383796
383798
383812
383863
383894
383972
384006
384062
384095
384111
384192
384239
384301
384334
384336
384413
384455
384520
384550
384562
384641
384705
384717
384792
384840
384905
384968
385009
385022
385036
385091
385107
385169
385246
385305
385397
385451
385453
385471
385528
385608
385626
385675
385762
385787
385835
385883
385941
385958
386024
386024
386075
386124
386135
386147
386182
386236
386312
386342
386388
386427
386429
386450
386540
386613
386696
386785
386819
386842
386878
386957
386999
387009
387044
387118
387164
387247
387280
387328
387331
387416
387497
387579
387649
387704
387737
387737
387825
387890
387947
388007
388042
388105
388191
388235
388295
388329
388369
388381
388414
388473
388521
388543
388617
388676
388765
388851
388898
388971
389028
389042
389051
389051
389092
389155
389190
389238
389253
389339
389379
389391
389427
389432
389508
389563
389621
389712
389804
389868
389959
389998
390092
390128
390225
390263
390312
390318
390340
390387
390468
390537
390557
390620
390628
390710
390803
390901
390988
391054
391070
391158
391195
391267
391348
391439
391536
391584
391591
391649
391747
391754
391804
391903
391986
391997
392048
392127
392184
392268
392268
392334
392420
392473
392489
392579
392579
392599
392654
392710
392717
392753
392833
392906
392966
393019
393111
393187
393198
393269
393342
393420
393483
393491
393566
393610
393620
393625
393679
393696
393744
393792
393837
393852
393890
393897
393932
394023
394115
394180
394273
394358
394452
394494
394538
394632
394700
394730
394811
394876
394973
395020
395079
395177
395248
395327
395426
395476
395538
395546
395561
395585
395604
395683
395697
395786
395793
395862
395899
395945
395958
396044
396068
396136
396232
396308
396375
396428
396450
396541
396608
396654
396685
396716
396793
396867
396953
396992
397070
397082
397153
397239
397273
397342
397431
397511
397550
397623
397717
397791
397864
397960
398038
398045
398097
398148
398181
398187
398229
398281
398355
398380
398472
398499
398548
398625
398632
398674
398749
398818
398862
398902
398927
398948
398978
399009
399096
399168
399260
399315
399411
399452
399487
399515
399583
399598
399615
399631
399720
399760
399760
399847
399906
399994
400012
400095
400130
400177
400211
400286
400377
400393
400482
400562
400626
400669
400760
400823
400872
400938
400991
401022
401030
401094
401098
401153
401224
401262
401349
401357
401398
401436
401481
401529
401575
401622
401628
401716
401761
401852
401862
401910
402008
402029
402118
402118
402191
402281
402347
402435
402493
402592
402613
402650
402748
402833
402844
402915
402957
403015
403021
403063
403158
403194
403248
403253
403256
403306
403338
403422
403458
403530
403556
403577
403616
403712
403724
403790
403805
403845
403851
403944
404003
404101
404179
404271
404325
404355
404411
404497
404507
404583
404621
404705
404738
404796
404842
404907
404980
405066
405091
405162
405249
405258
405344
405383
405410
405422
405500
405588
405678
405709
405784
405833
405849
405933
405968
405997
406033
406047
406143
406166
406181
406211
406285
406341
406395
406487
406493
406518
406519
406586
406641
406668
406709
406729
406791
406840
406889
406962
407000
407055
407061
407086
407184
407209
407281
407365
407392
407396
407481
407510
407533
407556
407600
407612
407680
407683
407697
407763
407852
407903
407930
408018
408104
408162
408234
408318
408330
408405
408467
408479
408489
408504
408531
408540
408566
408621
408697
408712
408723
408780
408783
408874
408965
409010
409044
409109
409159
409208
409241
409302
409390
409391
409489
409567
409583
409625
409697
409746
409839
409856
409902
409982
410022
410058
410115
410150
410198
410264
410328
410361
410457
410541
410549
410600
410651
410728
410757
410775
410789
410867
410955
411054
411059
411137
411152
411220
411228
411240
411319
411378
411441
411457
411502
411576
411638
411728
411805
411867
411930
411941
411972
412069
412145
412237
412300
412303
412351
412394
412410
412480
412566
412567
412636
412653
412668
412683
412701
412748
412786
412809
412815
412889
412986
413065
413135
413189
413219
413311
413316
413368
413463
413467
413493
413496
413552
413630
413642
413676
413708
413780
413840
413858
413865
413872
413910
413957
414020
414115
414129
414175
414212
414222
414244
414261
414341
414411
414453
414532
414545
414572
414643
414651
414680
414735
414735
414736
414756
414842
414905
414913
414944
414954
414999
415096
415105
415193
415223
415269
415337
415347
415363
415461
415528
415548
415590
415604
415671
415696
415740
415790
415849
415920
415974
416068
416149
416240
416291
416319
416319
416339
416403
416420
416439
416483
416581
416589
416593
416641
416710
416742
416785
416789
416880
416967
416981
417051
417141
417141
417175
417256
417261
417295
417299
417310
417340
417438
417479
417512
417584
417626
417654
417673
417741
417750
417816
417891
417895
417934
417978
417980
418011
418077
418119
418165
418210
418274
418305
418337
418339
418418
418440
418441
418506
418562
418578
418635
418682
418717
418776
418840
418922
419001
419100
419112
419178
419258
419294
419387
419478
419483
419564
419652
419661
419710
419770
419861
419864
419869
419967
420040
420094
420189
420272
420322
420361
420364
420398
420433
420483
420566
420605
420701
420724
420738
420805
420856
420945
420979
421023
421088
421122
421184
421207
421243
421272
421315
421321
421392
421420
421515
421598
421669
421747
421800
421819
421873
421969
421972
422020
422026
422107
422184
422264
422357
422401
422469
422503
422559
422638
422661
422735
422794
422848
422891
422932
422966
423043
423121
423124
423154
423204
423242
423252
423272
423291
423310
423350
423449
423517
423603
423700
423786
423836
423841
423931
424011
424084
424120
424218
424317
424409
424504
424527
424567
424617
424693
424774
424850
424913
424945
425021
425058
425060
425105
425136
425221
425285
425327
425365
425398
425421
425451
425483
425533
425585
425628
425654
425694
425699
425790
425867
425930
425984
426067
426098
426100
426176
426176
426201
426278
426287
426378
426474
426557
426609
426677
426699
426765
426822
426852
426872
426894
426926
426981
427032
427084
427095
427178
427241
427282
427375
427375
427415
427480
427542
427623
427699
427723
427756
427807
427814
427838
427905
427974
428021
428030
428093
428137
428152
428242
428252
428291
428357
428421
428452
428454
428530
428536
428583
428612
428666
428741
428825
428877
428912
428973
429002
429032
429092
429143
429223
429241
429250
429336
429339
429427
429485
429518
429590
429667
429708
429762
429841
429894
429979
429993
430035
430109
430181
430226
430314
430388
430390
430405
430484
430543
430589
430668
430694
430740
430799
430812
430867
430884
430932
430934
431020
431115
431163
431212
431294
431348
431350
431377
431421
431422
431438
431510
431593
431645
431696
431696
431715
431779
431850
431906
431996
432076
432093
432119
432200
432273
432336
432345
432392
432443
432519
432577
432594
432683
432769
432777
432847
432935
433003
433081
433179
433228
433272
433323
433361
433372
433389
433470
433489
433537
433615
433685
433778
433873
433873
433937
433987
434063
434090
434173
434173
434210
434259
434307
434330
434338
434377
434424
434504
434538
434590
434652
434703
434785
434869
434907
434976
435068
435106
435112
435211
435297
435299
435333
435336
435361
435372
435387
435396
435417
435473
435544
435597
435655
435746
435843
435930
435969
436012
436052
436055
436100
436191
436241
436326
436391
436443
436492
436570
436637
436723
436743
436760
436778
436870
436905
437002
437032
437054
437101
437179
437188
437232
437306
437376
437463
437485
437538
437554
437627
437722
437815
437884
437940
437967
437980
438047
438083
438120
438196
438213
438220
438293
438340
438433
438526
438557
438646
438688
438701
438709
438735
438737
438746
438769
438788
438801
438836
438897
438913
438972
439040
439102
439116
439119
439207
439252
439272
439309
439397
439467
439483
439495
439576
439642
439660
439665
439746
439793
439833
439860
439926
439953
439999
440011
440030
440042
440073
440153
440228
440290
440323
440396
440495
440587
440608
440612
440660
440741
440779
440858
440888
440935
441027
441088
441088
441099
441101
441179
441254
441303
441380
441392
441394
441451
441496
441543
441640
441655
441659
441667
441702
441769
441775
441846
441928
441994
442042
442140
442185
442252
442325
442399
442471
442556
442588
442588
442664
442734
442746
442827
442859
442887
442954
443014
443043
443106
443126
443199
443260
443273
443313
443353
443423
443521
443562
443637
443662
443706
443764
443853
443948
443998
444081
444177
444193
444245
444262
444333
444340
444357
444395
444416
444514
444531
444561
444617
444687
444717
444815
444897
444910
444947
444962
445055
445111
445168
445230
445297
445297
445390
445462
445525
445617
445685
445726
445805
445809
445816
445894
445913
446003
446005
446037
446063
446145
446240
446247
446247
446277
446281
446295
446299
446330
446429
446496
446555
446557
446630
446725
446739
446750
446819
446915
446929
446968
447036
447123
447153
447175
447253
447344
447355
447386
447472
447508
447596
447661
447711
447744
447823
447919
447953
448016
448076
448105
448173
448263
448305
448356
448410
448436
448444
448450
448487
448519
448602
448620
448713
448722
448735
448748
448801
448853
448894
448940
448965
448969
449024
449065
449160
449204
449282
449363
449459
449549
449560
449654
449678
449741
449818
449846
449926
449971
450069
450074
450090
450106
450187
450208
450284
450298
450382
450382
450387
450429
450515
450538
450609
450666
450721
450785
450826
450874
450887
450955
450965
451008
451008
451041
451102
451108
451156
451253
451324
451357
451403
451423
451425
451515
451524
451578
451672
451720
451808
451825
451899
451899
451973
452025
452073
452128
452209
452221
452294
452376
452431
452469
452496
452502
452541
452549
452606
452674
452703
452752
452819
452880
452882
452953
452993
453021
453088
453142
453155
453236
453247
453338
453369
453435
453507
453583
453659
453696
453783
453798
453872
453889
453910
454004
454077
454135
454195
454213
454217
454293
454323
454388
454388
454424
454496
454570
454643
454656
454662
454729
454795
454801
454852
454945
455013
455090
455155
455172
455190
455219
455274
455326
455338
455347
455354
455383
455449
455505
455540
455566
455599
455649
455700
455796
455834
455851
455945
456006
456016
456050
456081
456106
456115
456121
456200
456293
456347
456395
456487
456542
456586
456659
456675
456765
456845
456904
456948
457031
457051
457147
457160
457250
457286
457337
457351
457370
457466
457491
457506
457566
457608
457641
457727
457750
457764
457831
457918
457932
457952
458003
458069
458168
458256
458278
458332
458367
458444
458494
458591
458682
458723
458813
458909
458922
459020
459109
459190
459215
459251
459323
459395
459474
459483
459511
459553
459615
459708
459735
459790
459850
459908
459978
459997
460057
460105
460112
460122
460208
460224
460322
460396
460477
460492
460521
460531
460562
460648
460742
460806
460821
460909
460982
460997
461032
461076
461146
461214
461255
461300
461311
461386
461421
461426
461448
461459
461519
461545
461567
461613
461663
461679
461722
461760
461770
461774
461793
461815
461819
461888
461970
462043
462079
462164
462174
462228
462262
462277
462369
462380
462433
462441
462503
462543
462634
462670
462712
462793
462865
462960
462985
462989
463046
463100
463186
463264
463346
463359
463393
463405
463437
463503
463518
463556
463629
463676
463713
463748
463821
463837
463862
463863
463948
463961
464011
464031
464086
464130
464152
464206
464304
464320
464385
464428
464506
464587
464617
464703
464783
464821
464828
464852
464899
464928
465023
465058
465095
465121
465132
465224
465236
465317
465390
465398
465480
465531
465544
465577
465626
465706
465753
465838
465932
465967
465985
466000
466029
466054
466109
466198
466222
466285
466318
466404
466424
466499
466564
466602
466651
466673
466693
466765
466785
466799
466807
466899
466950
467041
467053
467083
467167
467247
467251
467274
467329
467414
467418
467514
467528
467543
467552
467632
467712
467811
467825
467832
467929
468024
468090
468159
468191
468282
468345
468392
468459
468545
468592
468646
468683
468749
468792
468831
468867
468960
469009
469057
469131
469176
469186
469228
469285
469327
469400
469414
469507
469579
469631
469705
469739
469773
469818
469822
469857
469878
469931
469981
469996
470037
470110
470168
470248
470346
470352
470368
470389
470404
470406
470494
470584
470661
470754
470843
470921
471011
471105
471118
471168
471169
471169
471171
471200
471235
471297
471369
471391
471415
471418
471489
471503
471591
471669
471689
471748
471748
471748
471806
471833
471837
471885
471983
472059
472075
472168
472266
472315
472379
472432
472434
472474
472495
472565
472654
472717
472815
472884
472913
472965
472992
473030
473058
473060
473094
473160
473235
473245
473321
473395
473458
473513
473523
473585
473615
473674
473695
473769
473857
473859
473879
473967
474007
474053
474119
474124
474155
474211
474291
474353
474420
474429
474497
474502
474554
474651
474707
474757
474801
474875
474949
475037
475106
475177
475222
475302
475372
475396
475454
475482
475581
475642
475642
475643
475660
475753
475763
475822
475848
475896
475972
476038
476111
476137
476158
476248
476347
476400
476424
476501
476599
476626
476683
476773
476860
476924
477020
477042
477086
477096
477161
477251
477314
477392
477466
477493
477527
477563
477661
477727
477778
477789
477836
477932
478000
478023
478087
478182
478203
478259
478260
478316
478415
478447
478462
478513
478606
478664
478763
478804
478804
478846
478913
478962
478966
479011
479101
479196
479227
479252
479346
479409
479448
479509
479577
479582
479658
479673
479772
479838
479900
479936
479985
480018
480018
480112
480175
480256
480295
480384
480479
480499
480579
480670
480691
480736
480810
480872
480935
480962
480973
481057
481075
481148
481149
481208
481235
481326
481362
481369
481384
481459
481546
481561
481629
481631
481723
481775
481779
481853
481859
481945
481996
481999
482037
482067
482116
482122
482212
482229
482314
482364
482446
482520
482526
482588
482593
482604
482653
482717
482782
482828
482852
482884
482970
483041
483123
483173
483190
483249
483345
483392
483480
483543
483555
483594
483657
483724
483796
483891
483897
483991
484072
484117
484175
484205
484243
484271
484302
484332
484385
484433
484511
484572
484634
484637
484642
484677
484733
484811
484867
484949
484978
485061
485076
485133
485194
485273
485327
485404
485466
485551
485571
485596
485662
485751
485844
485929
485955
485971
486066
486075
486127
486180
486196
486219
486304
486309
486376
486446
486472
486488
486580
486610
486670
486742
486788
486789
486815
486914
486938
486942
486945
487029
487064
487147
487212
487271
487315
487394
487428
487482
487535
487553
487642
487643
487706
487767
487836
487870
487958
488024
488110
488136
488210
488236
488245
488329
488390
488411
488447
488495
488587
488600
488670
488730
488817
488867
488896
488962
489000
489067
489080
489142
489200
489290
489342
489381
489416
489506
489515
489577
489593
489659
489670
489742
489756
489799
489883
489883
489963
489981
489995
490079
490159
490175
490248
490249
490290
490389
490399
490402
490474
490544
490545
490636
490644
490690
490772
490796
490811
490882
490905
490997
491052
491078
491156
491248
491288
491320
491393
491433
491496
491537
491621
491678
491776
491872
491930
491948
491951
491997
492086
492155
492205
492260
492316
492354
492363
492383
492430
492528
492551
492570
492616
492618
492716
492754
492771
